1628080349.4976170063 -2853536.6181636299  4667028.0982374484  3268793.9592340244 -0.0142312496  0.0119867218 -0.0192747753   0.5910737429   0.6005131987 158.6750955507 0.0000000000 0.0000000000 0.0000000000 0.0000000000 0.0000000000 0.0000000000
1628080349.5977909565 -2853536.6219678177  4667028.0975817814  3268793.9597759326 -0.0184906892 -0.0125018984 -0.0132626380   0.5884269334   0.6024342540 158.6703481695  0.0000020326  0.0000015394 -0.0000063343 -0.0000000303 -0.0000023652 -0.0000018857
1628080349.6997189522 -2853536.6196243339  4667028.0974534042  3268793.9606308187  0.0088763243  0.0300275904 -0.0194184116   0.5917003083   0.6033017636 158.6756791518 -0.0000219235  0.0000250696  0.0000551717  0.0000030358 -0.0000020556 -0.0000033140
1628080349.7929360867 -2853536.6233279100  4667028.0992151871  3268793.9585705437 -0.0541701549 -0.0273596000  0.0154532210   0.5880524741   0.6039616522 158.6765579409 -0.0000049044  0.0000288746  0.0000528617 -0.0000008414 -0.0000051229 -0.0000068006
1628080349.8937079906 -2853536.6235985472  4667028.0987562453  3268793.9538201634 -0.0425028362  0.0077500252 -0.0497384102   0.5910272197   0.6037218044 158.6700147301 -0.0000666164  0.0000446511 -0.0000629652  0.0000012878 -0.0000049159 -0.0000048885
1628080349.9944128990 -2853536.6208791761  4667028.1015441846  3268793.9528851728 -0.0122479088  0.0515472739  0.0044185083   0.5913608945   0.6027276410 158.6703554015 -0.0000583275  0.0000204442 -0.0000650914  0.0000044343 -0.0000046512 -0.0000099368
1628080350.0949409008 -2853536.6179834823  4667028.1026208689  3268793.9545459929  0.0170279497  0.0313220208 -0.0070719834   0.5881240979   0.6019272544 158.6753982188 0.0000442341 0.0000291543 0.0000173145  0.0000063613 -0.0000077642 -0.0000109266
1628080350.1958808899 -2853536.6188536836  4667028.1024229852  3268793.9539493932 -0.0204774447 -0.0124913819 -0.0096374568   0.5912917213   0.6028667197 158.6680188105 -0.0000216181  0.0000291001 -0.0000298424  0.0000041037 -0.0000107937 -0.0000123289
1628080350.2967550755 -2853536.6177017218  4667028.1056136787  3268793.9537444920 -0.0181907048  0.0414753113  0.0110830237   0.5914709336   0.6007214367 158.6741419744 -0.0000316260 -0.0000109252  0.0000198489  0.0000060734 -0.0000093279 -0.0000154224
1628080350.3975629807 -2853536.6163686421  4667028.1056957338  3268793.9518754208 -0.0203143491  0.0124937771 -0.0324460184   0.5896335293   0.6037930246 158.6755380900 0.0000321100 0.0000819986 0.0000459528  0.0000061297 -0.0000123258 -0.0000146618
1628080350.4985039234 -2853536.6168087246  4667028.1071758913  3268793.9517401713 -0.0150201678  0.0092607285  0.0105967867   0.5896109564   0.6014645542 158.6713710579 -0.0000343717  0.0001028863  0.0000203719  0.0000070649 -0.0000141000 -0.0000189383
1628080350.5988419056 -2853536.6160502513  4667028.1056163218  3268793.9539543102  0.0279571875  0.0036353889 -0.0160055263   0.5906237077   0.5997947989 158.6743333793 -0.0001125708  0.0000629692  0.0000303481  0.0000100744 -0.0000168166 -0.0000188835
1628080350.6995539665 -2853536.6202833271  4667028.1032531224  3268793.9529185728 -0.0261243907 -0.0511902157 -0.0132661449   0.5920462166   0.5996804964 158.6753258977 -0.0000791674  0.0001079702  0.0000141519  0.0000066212 -0.0000201808 -0.0000208250
1628080350.8006930351 -2853536.6212124829  4667028.1021292629  3268793.9538488039  0.0081741964  0.0002693607 -0.0075228034   0.5903034939   0.5995459867 158.6730449722 -0.0000167298  0.0001086994 -0.0000460743  0.0000104417 -0.0000195803 -0.0000228981
1628080350.8944621086 -2853536.6205299250  4667028.1018780489  3268793.9561124253  0.0191044715  0.0120264823 -0.0018331282   0.5896729486   0.6010773844 158.6737270120 -0.0000900071  0.0001342306 -0.0000427917  0.0000119574 -0.0000205686 -0.0000250460
1628080350.9954509735 -2853536.6196402865  4667028.1000774391  3268793.9565218086  0.0048658571  0.0014686935 -0.0289743622   0.5914498102   0.6026393967 158.6714837395 -0.0000519659  0.0002420547 -0.0000459920  0.0000116931 -0.0000222939 -0.0000251576
1628080351.0961658955 -2853536.6215910357  4667028.1009357804  3268793.9557261276 -0.0285189394 -0.0098743558  0.0103171746   0.5889984974   0.6022325150 158.6677261246  0.0000063711  0.0003005164 -0.0000412197  0.0000102627 -0.0000236578 -0.0000294388
1628080351.1973290443 -2853536.6226214524  4667028.1000439096  3268793.9557406409 -0.0004634541 -0.0091540144 -0.0170942772   0.5906445508   0.6040719579 158.6637534597  0.0000101571  0.0003254677 -0.0000288320  0.0000128542 -0.0000257092 -0.0000296358
1628080351.2979190350 -2853536.6263538757  4667028.0983540555  3268793.9547664202 -0.0188383623 -0.0424289790 -0.0064781621   0.5890403405   0.6018811853 158.6617226866 0.0000108956 0.0003033973 0.0000198868  0.0000116588 -0.0000286194 -0.0000317773
1628080351.3986179829 -2853536.6267457032  4667028.0987820523  3268793.9536839332 -0.0176258862  0.0168693846 -0.0078164363   0.5883958488   0.6020326235 158.6740635472 -0.0000658550  0.0004473698  0.0000671403  0.0000135066 -0.0000269299 -0.0000333733
1628080351.5055999756 -2853536.6246680669  4667028.1009085216  3268793.9534979672 -0.0113590143  0.0342315832 -0.0047654713   0.5883104850   0.6042085751 158.6724637044 0.0000116392 0.0004053542 0.0000243602  0.0000152726 -0.0000274631 -0.0000355327
1628080351.6002800465 -2853536.6216830439  4667028.1016651839  3268793.9544370854  0.0057017047  0.0357306727 -0.0157020881   0.5892065698   0.6023945204 158.6742998866 0.0000081368 0.0004094431 0.0000495687  0.0000173275 -0.0000292896 -0.0000366857
1628080351.7008879185 -2853536.6211894043  4667028.1006874666  3268793.9557333989  0.0105300157 -0.0010217624 -0.0121933421   0.5889343481   0.6025967834 158.6799423910 -0.0000177190  0.0002633620  0.0000722647  0.0000175903 -0.0000332802 -0.0000387615
1628080351.8010799885 -2853536.6218453874  4667028.1007755557  3268793.9558087843 -0.0104081001  0.0010303408 -0.0046912974   0.5894051948   0.6034574327 158.6767979336 -0.0000389691  0.0002480497  0.0000113559  0.0000169910 -0.0000341092 -0.0000410612
1628080351.9020500183 -2853536.6238957364  4667028.1000272892  3268793.9559405195 -0.0072887081 -0.0187194704 -0.0045722587   0.5887209961   0.6027825617 158.6739158880  0.0000352135  0.0002241927 -0.0000095596  0.0000174455 -0.0000369703 -0.0000428169
1628080352.0023889542 -2853536.6232956564  4667028.0996523304  3268793.9573498610  0.0104986426  0.0151083902 -0.0097281416   0.5890925925   0.6012821137 158.6719436018 -0.0000363599  0.0002122781 -0.0000180365  0.0000201508 -0.0000370651 -0.0000444789
1628080352.1027700901 -2853536.6210901309  4667028.0986756608  3268793.9587005568  0.0156003317  0.0208347212 -0.0228700400   0.5892140547   0.6039114805 158.6754409744 -0.0001148002  0.0001346599 -0.0000001169  0.0000214570 -0.0000384606 -0.0000456193
1628080352.2047040462 -2853536.6193493321  4667028.0999935353  3268793.9578804132 -0.0196410963  0.0297057412 -0.0112482903   0.5906710759   0.6025943938 158.6704862721 -0.0001066203  0.0001312124 -0.0000017818  0.0000201732 -0.0000387862 -0.0000483212
1628080352.2968790531 -2853536.6200895775  4667028.1013678601  3268793.9579052753 -0.0149130907  0.0034187186  0.0084737198   0.5886622104   0.6014105725 158.6699981459 0.0000357103 0.0000578324 0.0000190945  0.0000205765 -0.0000420951 -0.0000512614
1628080352.3977530003 -2853536.6211451609  4667028.0997690409  3268793.9566834327 -0.0122243909 -0.0166303542 -0.0296640440   0.5901947557   0.6017004128 158.6730787315 0.0000168065 0.0000653395 0.0000493006  0.0000212287 -0.0000450409 -0.0000506909
1628080352.4985499382 -2853536.6243294706  4667028.1003546268  3268793.9546503848 -0.0399447139 -0.0185396214  0.0062521414   0.5881209545   0.6030595330 158.6710364995 0.0000336842 0.0000176818 0.0000253052  0.0000203062 -0.0000462375 -0.0000549428
1628080352.5983839035 -2853536.6256691618  4667028.0989297517  3268793.9544526418  0.0048014620 -0.0131412539 -0.0188143739   0.5916356074   0.6028318690 158.6719256436 -0.0000016811 -0.0000298454  0.0000321854  0.0000240336 -0.0000485456 -0.0000553275
1628080352.6992359161 -2853536.6266093659  4667028.0968480827  3268793.9552567191  0.0080338390 -0.0133992278 -0.0139224685   0.5907615542   0.6026328468 158.6721119487  0.0001076031 -0.0001063959  0.0000659462  0.0000250230 -0.0000503482 -0.0000574773
1628080352.7997300625 -2853536.6250950261  4667028.0977384700  3268793.9573575556 0.0127825213 0.0322414425 0.0056141670   0.5931881420   0.6010836010 158.6726071445  0.0000111231 -0.0001363170  0.0000312349  0.0000272746 -0.0000493349 -0.0000608005
1628080352.9009408951 -2853536.6217183629  4667028.0997764971  3268793.9574266989 -0.0097370803  0.0468031120 -0.0126704922   0.5898697703   0.6022777269 158.6723739548 -0.0000392963 -0.0001707160  0.0000444038  0.0000270519 -0.0000494754 -0.0000615524
1628080353.0023410320 -2853536.6187961218  4667028.1020801254  3268793.9554412947 -0.0292928147  0.0413686568 -0.0162708611   0.5908271059   0.6024311146 158.6709193980  0.0000147868 -0.0001562044  0.0000252936  0.0000265003 -0.0000510179 -0.0000632267
1628080353.1019868851 -2853536.6199850766  4667028.1030666577  3268793.9529751982 -0.0375388835 -0.0073334343 -0.0079106719   0.5895840670   0.6018691010 158.6675173089  0.0000324295 -0.0001859059  0.0000128161  0.0000256824 -0.0000556177 -0.0000656873
1628080353.2028899193 -2853536.6235524537  4667028.1014255472  3268793.9535294571  0.0030094739 -0.0384069252 -0.0024814237   0.5892941769   0.6016590699 158.6673591851  0.0000973050 -0.0001204736  0.0000265466  0.0000283898 -0.0000603477 -0.0000680654
1628080353.3031129837 -2853536.6250079791  4667028.0991488975  3268793.9534499920 -0.0019606142 -0.0145331666 -0.0228351865   0.5899279636   0.6013272876 158.6715541583  0.0001084975 -0.0002039795  0.0000110021  0.0000294753 -0.0000603569 -0.0000684231
1628080353.4041268826 -2853536.6262112022  4667028.1004089043  3268793.9532573861 -0.0201785332  0.0053567001  0.0075302268   0.5885416208   0.6026947524 158.6714164629  0.0001286046 -0.0002309754  0.0000657088  0.0000295955 -0.0000603383 -0.0000727825
1628080353.5039899349 -2853536.6258354648  4667028.1004870329  3268793.9511998412 -0.0244106653  0.0105739777 -0.0272969884   0.5891486274   0.6029428015 158.6731362731  0.0000691204 -0.0001512244  0.0000672763  0.0000302569 -0.0000615252 -0.0000722565
1628080353.6048369408 -2853536.6253601811  4667028.1006677877  3268793.9527262887 0.0120575609 0.0109711430 0.0005892994   0.5891700026   0.6031867516 158.6718594566  0.0000113485 -0.0001025117  0.0000311020  0.0000335682 -0.0000642389 -0.0000764092
1628080353.7052659988 -2853536.6252256134  4667028.1006482616  3268793.9541725484  0.0049420116  0.0066375038 -0.0049611254   0.5880605295   0.6019933929 158.6732496332 -0.0000213712 -0.0001147466 -0.0000187497  0.0000338260 -0.0000661379 -0.0000779757
1628080353.8068211079 -2853536.6250230120  4667028.0992859500  3268793.9555815263  0.0125796871  0.0004344379 -0.0149311671   0.5889060280   0.6002571131 158.6668155786 -0.0000431414 -0.0000636893 -0.0000669214  0.0000350193 -0.0000685712 -0.0000792522
1628080353.9000759125 -2853536.6243947106  4667028.0985590583  3268793.9551854897 -0.0081121990  0.0088882396 -0.0219626843   0.5901909167   0.6012506205 158.6712305615 -0.0000499235 -0.0000501037 -0.0000435618  0.0000346590 -0.0000690406 -0.0000807428
1628080354.0006229877 -2853536.6234110920  4667028.0996840773  3268793.9543131795 -0.0180541171  0.0233393846 -0.0054341094   0.5898779248   0.6032056935 158.6708961071 -0.0001905201  0.0000285966 -0.0000322059  0.0000352139 -0.0000697914 -0.0000839163
1628080354.1009271145 -2853536.6221067072  4667028.1023524133  3268793.9536411357 -0.0231241638  0.0306301404  0.0048215831   0.5901149193   0.6024238405 158.6692933656 -0.0002217668  0.0001378345 -0.0000328381  0.0000362597 -0.0000710399 -0.0000866189
1628080354.2021310329 -2853536.6129238387  4667028.1043432923  3268793.9572517043  0.0506773927  0.1062977728 -0.0229072746   0.5891679051   0.6014452267 158.6787425768 -0.0002097385  0.0004578241 -0.0000118944  0.0000454374 -0.0000695694 -0.0000869520
1628080354.3036360741 -2853536.6041720537  4667028.1022096630  3268793.9693701267 0.1410955752 0.0534857472 0.0034735178   0.5910111893   0.6007106897 158.6745119567 -0.0002926506  0.0003624690  0.0000026277  0.0000527137 -0.0000773667 -0.0000910214
1628080354.4038319588 -2853536.6013366408  4667028.0997031303  3268793.9736605594  0.0209666640  0.0060517046 -0.0240893435   0.5874503455   0.6036225330 158.6621056352 -0.0003319454  0.0006422446  0.0001113266  0.0000458095 -0.0000794559 -0.0000910444
1628080354.5047628880 -2853536.5950915795  4667028.1002155207  3268793.9753359272  0.0105685336  0.0667257518 -0.0281839634   0.5905648556   0.5936142460 158.6299675151 -0.0004484015  0.0010184952  0.0001697859  0.0000499303 -0.0000766803 -0.0000932312
1628080354.6053190231 -2853536.5859463955  4667028.0995953269  3268793.9779609162  0.0329998830  0.0705480832 -0.0457405577   0.5755447646   0.5762865015 158.5656811699 -0.0009295099  0.0016609942  0.0002647555  0.0000561896 -0.0000787386 -0.0000943929
1628080354.7037339211 -2853536.5990615319  4667028.0815944923  3268793.9622289776 -0.1546580054 -0.2728277811 -0.1962124896   0.5060421836   0.4952236905 158.4855536350 -0.0012563945  0.0021586714  0.0002894814  0.0000402965 -0.0000995045 -0.0000851223
1628080354.8052449226 -2853536.6398600186  4667028.0826049345  3268793.9360295008 -0.4125726750 -0.3552606975  0.0985952831   0.4596296120   0.4233646643 158.3297914079 -0.0020291414  0.0021532954  0.0006393636  0.0000272224 -0.0001008574 -0.0001085468
1628080354.9029910564 -2853536.6884685764  4667028.0981655521  3268793.9009468048 -0.5649032864 -0.3455830686  0.1559032891   0.4175164302   0.4349832271 158.1052063613 -0.0028720458  0.0019402344  0.0009812658  0.0000230880 -0.0000973397 -0.0001142852
1628080355.0037639141 -2853536.7241299776  4667028.1094520269  3268793.8596880906 -0.5081670603 -0.2270830669 -0.0144949804   0.3938619698   0.4308260517 157.7814269492 -0.0031725361  0.0019207181  0.0012967618  0.0000367832 -0.0000917985 -0.0001034972
1628080355.1026020050 -2853536.7505464782  4667028.1252186848  3268793.8160278201 -0.5501620148 -0.1321809057 -0.0026626710   0.3931700077   0.4478256241 157.4490553482 -0.0030422484  0.0016012855  0.0010964469  0.0000421998 -0.0000847241 -0.0001072408
1628080355.2042179108 -2853536.7832635166  4667028.1428657528  3268793.7689324110 -0.5819584868 -0.2068747997  0.0230448722   0.4181048137   0.4926953481 157.1286585031 -0.0025239310  0.0009382752  0.0011121122  0.0000423593 -0.0000896650 -0.0001119331
1628080355.3016688824 -2853536.8178681671  4667028.1537460890  3268793.7269624011 -0.5148119151 -0.2558547758  0.0126810424   0.4606507782   0.5266027962 156.8297573328 -0.0018387145  0.0004972938  0.0010614728  0.0000489052 -0.0000964918 -0.0001124108
1628080355.4102559090 -2853536.8541549849  4667028.1623957260  3268793.6761394204 -0.5519857058 -0.2271324738 -0.0589892779   0.4587186423   0.5421674037 156.4370426501 -0.0021623746  0.0003496611  0.0011760683  0.0000507760 -0.0000974672 -0.0001093174
1628080355.5074861050 -2853536.8756342838  4667028.1760116769  3268793.6324260528 -0.5148676029 -0.0998571726 -0.0342732433   0.4018395748   0.5383428672 156.1254032191 -0.0034603170 -0.0000718259  0.0008555067  0.0000605244 -0.0000905549 -0.0001125145
1628080355.6074290276 -2853536.8963932409  4667028.2012629705  3268793.5804229784 -0.6385023602 -0.0595509758  0.0072081021   0.3613858651   0.5720454239 155.9712163325 -0.0040581464 -0.0005267202  0.0001303769  0.0000560638 -0.0000818675 -0.0001181100
1628080355.7060139179 -2853536.9197762758  4667028.2351351278  3268793.5249361587 -0.7053787138 -0.0188300896  0.0664459772   0.4350995028   0.6640325465 155.9439159980 -0.0030066988 -0.0016231955 -0.0004173157  0.0000518257 -0.0000766788 -0.0001265455
1628080355.8043589592 -2853536.9400593634  4667028.2558351187  3268793.4647067781 -0.6636155227 -0.0670296258 -0.1051717542   0.5334264452   0.6665884733 156.0304744182 -0.0011635896 -0.0018695287 -0.0010334116  0.0000516381 -0.0000823125 -0.0001131940
1628080355.9029359818 -2853536.9630301069  4667028.2719740774  3268793.4101971048 -0.5943749372 -0.1075713629 -0.0634157826   0.5637380088   0.6264899187 156.2153836949 -0.0003927486 -0.0014791819 -0.0016445590  0.0000535593 -0.0000912880 -0.0001194356
1628080356.0061190128 -2853536.9902554974  4667028.2938913610  3268793.3677347242 -0.4872754184 -0.0961393929  0.0772898103   0.5421945411   0.6191612348 156.5596435344 -0.0012768632 -0.0019276713 -0.0023838298  0.0000586267 -0.0000974953 -0.0001332614
1628080356.1040649414 -2853537.0160898683  4667028.3112949841  3268793.3267100435 -0.4979911905 -0.1265786304  0.0175777014   0.4680276246   0.6171150439 156.9764053221 -0.0030834376 -0.0016824354 -0.0027268317  0.0000530820 -0.0001016997 -0.0001303537
1628080356.2035241127 -2853537.0390652218  4667028.3214412769  3268793.2744901949 -0.5585743648 -0.1396679163 -0.1307300597   0.3631600852   0.5555998019 157.4957029875 -0.0042133461 -0.0010051983 -0.0030935687  0.0000452023 -0.0001014935 -0.0001204915
1628080356.3038270473 -2853537.0644913819  4667028.3341742735  3268793.2277956926 -0.5037355701 -0.1473633955 -0.0250476902   0.2993648925   0.5153142023 158.0018588728 -0.0045554545 -0.0006416316 -0.0031355208  0.0000464706 -0.0001042465 -0.0001319016
1628080356.4046339989 -2853537.0928951236  4667028.3484254824  3268793.1942772875 -0.3983933786 -0.1600377857  0.0728845132   0.2840773107   0.4770231605 158.5431119304 -0.0044433356 -0.0001690110 -0.0031085567  0.0000516123 -0.0001098167 -0.0001410574
1628080356.5087459087 -2853537.1159363296  4667028.3474533381  3268793.1589545589 -0.3367209469 -0.1974110791 -0.1292712474   0.2330051099   0.3951885366 159.0639619406 -0.0040970642  0.0004793028 -0.0028230606  0.0000546931 -0.0001161649 -0.0001269655
1628080356.6075980663 -2853537.1378509984  4667028.3470778661  3268793.1294949665 -0.3160885295 -0.1907433893 -0.0560791801   0.2004379746   0.3400296579 159.5845768433 -0.0036681051  0.0006047085 -0.0027976542  0.0000573589 -0.0001170182 -0.0001352322
1628080356.7074658871 -2853537.1653049304  4667028.3527609352  3268793.1086023492 -0.2667131221 -0.2013187749  0.0691029069   0.2295654148   0.3400386253 160.0764160225 -0.0026743204  0.0006461335 -0.0023726895  0.0000599228 -0.0001200350 -0.0001483950
1628080356.8059608936 -2853537.1938220402  4667028.3542447109  3268793.0938866758 -0.2015790119 -0.2358614044  0.0473955029   0.2798430547   0.3129612302 160.5064401783 -0.0012516580  0.0009129480 -0.0019740660  0.0000633892 -0.0001261105 -0.0001487735
1628080356.9052200317 -2853537.2207410675  4667028.3502012054  3268793.0820179051 -0.1536960631 -0.2455949022  0.0131366477   0.3296425763   0.2696641437 160.8936566399 -0.0001478556  0.0014575210 -0.0015777935  0.0000671824 -0.0001303381 -0.0001482080
1628080357.0110709667 -2853537.2426670003  4667028.3525583688  3268793.0712317796 -0.1610901572 -0.1334149389  0.0580328421   0.3384907764   0.2290394195 161.2299750944  0.0002502985  0.0016208019 -0.0010652571  0.0000704062 -0.0001249435 -0.0001541219
1628080357.1094450951 -2853537.2549298275  4667028.3454696508  3268793.0570144230 -0.1320080558 -0.1371699823 -0.1010473982   0.2878735052   0.1647515474 161.5183040372  0.0001545560  0.0017901618 -0.0006872934  0.0000744023 -0.0001286665 -0.0001425237
1628080357.2146348953 -2853537.2708902359  4667028.3450367842  3268793.0389803299 -0.2096499346 -0.1277214106 -0.0281658191   0.2239525393   0.0998466252 161.7912493806  0.0002038089  0.0015961236 -0.0002110890  0.0000710690 -0.0001274466 -0.0001517750
1628080357.3058419228 -2853537.2896616161  4667028.3497884423  3268793.0218968680 -0.2542991393 -0.1500318785  0.0330605292   0.2114972204   0.0840168472 161.9795343213 0.0002000975 0.0013558941 0.0001212298  0.0000689999 -0.0001291540 -0.0001588783
1628080357.4110000134 -2853537.3154719523  4667028.3573840465  3268792.9995514979 -0.3020111747 -0.1780887132  0.0545197225   0.2340178358   0.0517574778 162.1371946267 0.0004081185 0.0012997415 0.0004548229  0.0000674119 -0.0001311883 -0.0001623674
1628080357.5099298954 -2853537.3442248283  4667028.3647343731  3268792.9811988445 -0.2809630653 -0.2114201930  0.0799261380   0.2550935754   0.0352762050 162.2641687982 0.0005708391 0.0010724122 0.0007155895  0.0000715862 -0.0001364260 -0.0001676525
1628080357.6166150570 -2853537.3736198037  4667028.3706367370  3268792.9556359416 -0.3274056693 -0.1958790398  0.0208998899   0.2374538995   0.0525805154 162.3366034565 0.0007569638 0.0007537486 0.0009405641  0.0000717971 -0.0001369054 -0.0001653651
1628080357.7151439190 -2853537.3924121791  4667028.3720142990  3268792.9307040572 -0.2835935447 -0.1466636077 -0.0475735027   0.2022716290   0.0351993303 162.3181264421 0.0001542123 0.0005703246 0.0013464155  0.0000798108 -0.0001360045 -0.0001612764
1628080357.8098959923 -2853537.4024038101  4667028.3716808138  3268792.8909058427 -0.4217127984 -0.0827263303 -0.2041744426   0.1223791614  -0.0130080586 162.3361523216 -0.0007932411  0.0005060583  0.0013083671  0.0000739431 -0.0001291872 -0.0001510194
1628080357.9069240093 -2853537.4198310934  4667028.3835864849  3268792.8488720194 -0.5075092075 -0.0911145868 -0.0263184112  -0.0005965196  -0.0565401612 162.3199645847 -0.0012749943  0.0001726013  0.0013414630  0.0000713315 -0.0001292090 -0.0001673606
1628080358.0128030777 -2853537.4474063832  4667028.4037570646  3268792.8083344623 -0.4959776723 -0.1447540006  0.0680565605  -0.0914242817  -0.0803843939 162.3018015077 -0.0015621711 -0.0001546282  0.0014564009  0.0000760114 -0.0001341066 -0.0001779002
1628080358.1126060486 -2853537.4879876371  4667028.4273550389  3268792.7753435625 -0.5102867564 -0.2446036194  0.1959415574  -0.1315028470  -0.0377116445 162.3253918638 -0.0013852532 -0.0005320156  0.0013885639  0.0000755639 -0.0001426746 -0.0001924925
1628080358.2112340927 -2853537.5169452769  4667028.4429945918  3268792.7343948171 -0.5129396413 -0.1534109282 -0.0084242754  -0.1349726767  -0.0501381774 162.3674883708 -0.0008300071 -0.0002120328  0.0013425969  0.0000795921 -0.0001356889 -0.0001761062
1628080358.3098740578 -2853537.5404016827  4667028.4466967452  3268792.6861899411 -0.5154752997 -0.1931575213 -0.1520697801  -0.0641762738  -0.1117350560 162.3765848674 -0.0001991003  0.0000241811  0.0013188804  0.0000817637 -0.0001396198 -0.0001653891
1628080358.4079399109 -2853537.5677359547  4667028.4591190461  3268792.6416585380 -0.5384806654 -0.1593767073 -0.0007408972   0.0452447578  -0.0404917939 162.3731343966 -0.0000850768 -0.0005675208  0.0011301182  0.0000840851 -0.0001391434 -0.0001819982
1628080358.5134890079 -2853537.5966521888  4667028.4807129493  3268792.6027087294 -0.4768767345 -0.1075714837  0.0934103000   0.0791606962   0.0937995547 162.3567167587 -0.0004295208 -0.0008526288  0.0009964301  0.0000920281 -0.0001394857 -0.0001925517
1628080358.6110160351 -2853537.6151926173  4667028.5001938520  3268792.5581710474 -0.5498898952 -0.0398740707 -0.0266406461   0.0059164536   0.1258245113 162.3623162351 -0.0010416628 -0.0009482774  0.0006466153  0.0000890786 -0.0001342391 -0.0001838340
1628080358.7095510960 -2853537.6380356210  4667028.5120432302  3268792.5104595781 -0.5308624366 -0.1567921798 -0.0770685508  -0.1091848833   0.1158732624 162.3582601534 -0.0018007725 -0.0009895680  0.0007014468  0.0000889571 -0.0001457789 -0.0001817090
1628080358.8081719875 -2853537.6695336276  4667028.5200329218  3268792.4550772039 -0.6285068710 -0.2503055407 -0.0905143794  -0.1917308647   0.0578557938 162.3954506788 -0.0021649894 -0.0009871144  0.0005381529  0.0000796769 -0.0001513732 -0.0001814566
1628080358.9133191109 -2853537.7088014004  4667028.5391855324  3268792.4014619724 -0.6259191313 -0.2156090057  0.0451960218  -0.2282203956   0.0622771748 162.3853036343 -0.0021751743 -0.0012889394  0.0006967130  0.0000834664 -0.0001494242 -0.0001978743
1628080359.0122370720 -2853537.7405382493  4667028.5720413551  3268792.3538792725 -0.6512743802 -0.0721997482  0.1547000598  -0.2472151776   0.1349963424 162.4441547344 -0.0021242864 -0.0016823287  0.0004067527  0.0000861337 -0.0001375017 -0.0002097726
1628080359.1104750633 -2853537.7693942753  4667028.5936338780  3268792.2940958417 -0.7039536673 -0.1489315678 -0.0706355189  -0.2351094343   0.1314327933 162.4875145173 -0.0013430403 -0.0012379007  0.0004815467  0.0000792111 -0.0001426949 -0.0001923405
1628080359.2109689713 -2853537.8011480491  4667028.6042930596  3268792.2340014619 -0.6400203385 -0.2302542980 -0.1046300592  -0.1147984582   0.0712438202 162.5186367224 -0.0004380551 -0.0008720316  0.0005477881  0.0000845113 -0.0001511385 -0.0001914872
1628080359.3143351078 -2853537.8357519535  4667028.6199672520  3268792.1833672752 -0.5765675908 -0.1931635087  0.0257661082   0.0020642293   0.1308149907 162.5344352380  0.0001067830 -0.0010111673  0.0005050196  0.0000928436 -0.0001524407 -0.0002060084
1628080359.4124619961 -2853537.8640428213  4667028.6369413082  3268792.1446398478 -0.4814060026 -0.1348869331  0.0428645659   0.0033587593   0.1815162071 162.5250774529  0.0000030511 -0.0009919978  0.0004312494  0.0001028261 -0.0001536569 -0.0002112266
1628080359.5140340328 -2853537.8851470267  4667028.6435070420  3268792.0988023612 -0.4793714750 -0.1357456252 -0.1345891073  -0.1582535152   0.0935638142 162.5523396261 -0.0004367987 -0.0007801370  0.0005007808  0.0001040076 -0.0001573079 -0.0001960712
1628080359.6160359383 -2853537.9092021654  4667028.6469337801  3268792.0503112217 -0.4938496640 -0.1964459637 -0.1166987274  -0.3374561187   0.0240372816 162.5881148926 -0.0010228893 -0.0005140232  0.0004372268  0.0001023163 -0.0001626865 -0.0002002395
1628080359.7141909599 -2853537.9414715399  4667028.6654162286  3268792.0092088394 -0.5390503440 -0.1802173194  0.0828571183  -0.3900899070   0.0321796115 162.6126465934 -0.0017324936 -0.0006992517  0.0004278944  0.0001000677 -0.0001596354 -0.0002214674
1628080359.8088989258 -2853537.9732812024  4667028.6899933200  3268791.9599527880 -0.6727371197 -0.1488112502  0.0677039755  -0.3976104922   0.0570904959 162.6547246537 -0.0013424250 -0.0006804779  0.0003369806  0.0000895062 -0.0001528644 -0.0002219322
1628080359.9132850170 -2853538.0043007475  4667028.7097222311  3268791.9042342398 -0.6106626288 -0.1505481614 -0.0301869818  -0.3817152437   0.0036020978 162.6837712814 -0.0010983983 -0.0001701576  0.0003249503  0.0000948424 -0.0001570739 -0.0002162591
1628080360.0113449097 -2853538.0309435837  4667028.7266215719  3268791.8502127761 -0.6300442971 -0.1357269156 -0.0593941841  -0.3874509128  -0.0699243478 162.7151849413 -0.0006493439  0.0002126542  0.0002380551  0.0000950033 -0.0001567228 -0.0002170050
1628080360.1102709770 -2853538.0604318939  4667028.7484211158  3268791.8013639152 -0.5965867258 -0.1436596725  0.0575683654  -0.3223404518   0.0060182078 162.7424166505 -0.0000400353 -0.0000505332  0.0001815692  0.0000992254 -0.0001581475 -0.0002309391
1628080360.2151288986 -2853538.0941437413  4667028.7687878236  3268791.7507479186 -0.5854975529 -0.1750140246  0.0236926409  -0.1956276632   0.0379527813 162.7396197523 0.0006764000 0.0000484087 0.0002422744  0.0000992577 -0.0001627227 -0.0002303422
1628080360.3139429092 -2853538.1220831526  4667028.7709594257  3268791.7052749572 -0.4765321236 -0.2250294200 -0.1327727096  -0.1702522896  -0.0558955976 162.7466510971 0.0010150734 0.0004465746 0.0003543001  0.0001097267 -0.0001738757 -0.0002183137
1628080360.4123599529 -2853538.1482775058  4667028.7767116372  3268791.6645202269 -0.4621221073 -0.1893140684 -0.0362311915  -0.2579197732  -0.0509177086 162.7369471680 0.0006797667 0.0004950925 0.0002959503  0.0001149750 -0.0001740194 -0.0002302489
1628080360.5110759735 -2853538.1765391380  4667028.7892058622  3268791.6206419840 -0.5390210189 -0.1839634303 -0.0208739679  -0.3562034693  -0.0570258302 162.7616158196 0.0002832305 0.0004385390 0.0001793690  0.0001111919 -0.0001720344 -0.0002351490
1628080360.6167778969 -2853538.2140832688  4667028.8121862449  3268791.5693386500 -0.6353208745 -0.1907426577  0.0848448409  -0.3653884775   0.0020588050 162.8216960349 -0.0001722851 -0.0000197902 -0.0000341991  0.0001049971 -0.0001706572 -0.0002487381
1628080360.7148919106 -2853538.2519213217  4667028.8373204973  3268791.5241883518 -0.6125063062 -0.1975390526  0.1236669533  -0.2877838572   0.0483065584 162.8082820588  0.0000011127 -0.0004708456  0.0001202909  0.0001081948 -0.0001725653 -0.0002548717
1628080360.8130860329 -2853538.2868249984  4667028.8566896282  3268791.4685451700 -0.6937440979 -0.1915585615 -0.0341350516  -0.2307143070   0.0078769506 162.8068523499  0.0004510175 -0.0003077415  0.0001770078  0.0001031956 -0.0001721818 -0.0002429209
1628080360.9117629528 -2853538.3150677029  4667028.8741514096  3268791.4119704226 -0.6471801634 -0.1420636459 -0.0507225225  -0.2417294264   0.0540472633 162.8027451201  0.0003916626 -0.0008206799  0.0002482941  0.0001120139 -0.0001712774 -0.0002453930
1628080361.0174748898 -2853538.3418161403  4667028.8993958402  3268791.3550082990 -0.6365740753 -0.0747807639  0.0197619818  -0.2935362167   0.1042307172 162.8445985508 -0.0000407348 -0.0012080685  0.0001589776  0.0001163076 -0.0001678524 -0.0002543554
1628080361.1159720421 -2853538.3635810325  4667028.9182590060  3268791.2952330750 -0.6765353653 -0.0881445923 -0.1021454746  -0.3272978831   0.0105355903 162.8848985488 -0.0000078684 -0.0006083074  0.0001913454  0.0001137678 -0.0001688953 -0.0002447238
1628080361.2139151096 -2853538.3920519655  4667028.9326161528  3268791.2356962017 -0.6780755183 -0.1893268879 -0.0793643623  -0.3036638998  -0.0724339018 162.9057342050  0.0002340174 -0.0000967754  0.0001566061  0.0001148843 -0.0001788239 -0.0002488074
1628080361.3127911091 -2853538.4311350724  4667028.9547031550  3268791.1793792467 -0.7057034092 -0.2230956262  0.0545353469  -0.2622074867  -0.0437521029 162.9667151627  0.0005954063 -0.0002812299  0.0001026635  0.0001148834 -0.0001820664 -0.0002682612
1628080361.4138998985 -2853538.4782487475  4667028.9787687166  3268791.1292996542 -0.6497790716 -0.2857043406  0.1302774545  -0.1703895989  -0.0177207689 163.0369938409  0.0012120883 -0.0002873416  0.0001199791  0.0001208806 -0.0001890579 -0.0002784886
1628080361.5118319988 -2853538.5219887351  4667028.9860518044  3268791.0734996903 -0.6527522277 -0.3599342830 -0.1000174340  -0.0618630230  -0.1070459565 163.0592256459 0.0018649662 0.0003182621 0.0001266114  0.0001213100 -0.0001971236 -0.0002586698
1628080361.6172659397 -2853538.5743831955  4667028.9933958128  3268791.0091976058 -0.7161349547 -0.3894681263 -0.0415986575   0.0219032630  -0.0683822098 163.1036729680  0.0021218849 -0.0000646001  0.0002057365  0.0001186458 -0.0002016682 -0.0002683056
1628080361.7161650658 -2853538.6166410856  4667029.0119961584  3268790.9489414534 -0.7277487090 -0.2275152425  0.0290623741  -0.0049961951  -0.0195810944 163.1062754740  0.0017721473 -0.0001813166  0.0001848159  0.0001231758 -0.0001899113 -0.0002768259
1628080361.8147680759 -2853538.6424336219  4667029.0318063749  3268790.8742016261 -0.8415059185 -0.0842138682 -0.1741379375  -0.1437504974  -0.1422940107 163.1593230890 0.0010847360 0.0006141916 0.0001629847  0.0001187368 -0.0001760902 -0.0002593798
1628080361.9141778946 -2853538.6727449931  4667029.0585975442  3268790.7963323104 -0.8930302828 -0.1389773804 -0.0715625744  -0.2746371443  -0.1401096651 163.1973257647 0.0004181832 0.0002277218 0.0000438481  0.0001171063 -0.0001793415 -0.0002729380
1628080362.0187509060 -2853538.7211279506  4667029.1030077543  3268790.7266004048 -0.8814620511 -0.1844834483  0.2487216463  -0.2447162858   0.0114443630 163.2903088571  0.0003907418 -0.0004417872 -0.0001500462  0.0001180494 -0.0001835799 -0.0003055962
1628080362.1173920631 -2853538.7665667529  4667029.1387121268  3268790.6614036430 -0.8500516050 -0.2016116494  0.0905054550  -0.1015065011  -0.0595712435 163.3334531450  0.0010534559  0.0000564254 -0.0001077123  0.0001215411 -0.0001864330 -0.0002922790
1628080362.2175929546 -2853538.8049536133  4667029.1594361681  3268790.5909844823 -0.8038384249 -0.2076465159 -0.0841275039   0.0180603201  -0.0754365781 163.3504870293  0.0014542290 -0.0000350044 -0.0000824585  0.0001293712 -0.0001923355 -0.0002793808
1628080362.3148040771 -2853538.8437881772  4667029.1805772707  3268790.5325525953 -0.7060520513 -0.2195772212  0.0537899837   0.0074725480  -0.0188319881 163.3608935848  0.0013589120 -0.0002838256  0.0000561073  0.0001398737 -0.0002001997 -0.0002939054
1628080362.4201059341 -2853538.8803816959  4667029.1949838297  3268790.4632682633 -0.7299273788 -0.2187391953 -0.1201623415  -0.1112604544  -0.1218252534 163.4163825552  0.0009074499  0.0002745738 -0.0000104046  0.0001386357 -0.0002017302 -0.0002780394
1628080362.5190670490 -2853538.9190200190  4667029.2115219543  3268790.3903653882 -0.8329576696 -0.2495104860 -0.1067500788  -0.1943145509  -0.0888639810 163.4769151813  0.0003836834  0.0000299111 -0.0000835045  0.0001307367 -0.0002021451 -0.0002852936
1628080362.6182539463 -2853538.9651799784  4667029.2440135945  3268790.3257342456 -0.8216360476 -0.2286733487  0.1518913889  -0.1310350637  -0.0066725449 163.5521907075  0.0004026997 -0.0004462345 -0.0000689152  0.0001324373 -0.0001990248 -0.0003122418
1628080362.7166819572 -2853539.0063556638  4667029.2708174316  3268790.2592264195 -0.8130042980 -0.2195899694  0.0011936793   0.0152067494  -0.0642507536 163.5544505269  0.0011053526 -0.0000595565  0.0000660503  0.0001336881 -0.0001984719 -0.0002989845
1628080362.8159639835 -2853539.0526824854  4667029.2970446143  3268790.1911926074 -0.8424797655 -0.2590861139  0.0431587204   0.1265584650  -0.0333851954 163.5408025883  0.0013618464 -0.0004853774  0.0001470153  0.0001313903 -0.0002051789 -0.0003078729
1628080362.9141919613 -2853539.0998177924  4667029.3171500675  3268790.1271829223 -0.7621543516 -0.3054791563  0.0210113540   0.1240234041   0.0679337966 163.5268005309  0.0009185609 -0.0008972476  0.0003199315  0.0001379822 -0.0002157687 -0.0003060956
1628080363.0195960999 -2853539.1385063995  4667029.3259816309  3268790.0490476210 -0.7753444552 -0.2524815029 -0.1992500648   0.0097296419  -0.0186663889 163.5425842614  0.0006979347 -0.0004340817  0.0003690204  0.0001378395 -0.0002128511 -0.0002847717
1628080363.1191380024 -2853539.1751934821  4667029.3406775994  3268789.9803380766 -0.7564230986 -0.2395475986 -0.0795331827  -0.0341032218  -0.0346638313 163.5118579688  0.0004221992 -0.0006303107  0.0003853371  0.0001420769 -0.0002119071 -0.0003040669
1628080363.2182660103 -2853539.2205991615  4667029.3664543163  3268789.9258139608 -0.6978006834 -0.2656495353  0.1529892533   0.0584472462   0.0426511356 163.4584755609  0.0007839258 -0.0008019704  0.0004380449  0.0001476422 -0.0002152692 -0.0003283310
1628080363.3161559105 -2853539.2678411519  4667029.3970809849  3268789.8641537437 -0.8332727511 -0.2389321045  0.0945029841   0.1913111942  -0.0063204240 163.4043627783  0.0012637670 -0.0004743602  0.0004214492  0.0001344489 -0.0002110468 -0.0003267978
1628080363.4161689281 -2853539.3101850278  4667029.4210335230  3268789.7912434200 -0.8538756341 -0.2184970567 -0.0562607055   0.2224745409  -0.0187495461 163.3496984720  0.0011516916 -0.0004194792  0.0003872189  0.0001339091 -0.0002139278 -0.0003140387
1628080363.5205309391 -2853539.3481996120  4667029.4412167370  3268789.7103657741 -0.8444289642 -0.1991682478 -0.1070543444   0.1256517983  -0.0410412439 163.3301756771  0.0005984758 -0.0001301864  0.0002365309  0.0001351794 -0.0002147766 -0.0003097833
1628080363.6192650795 -2853539.3807925098  4667029.4533513403  3268789.6340439776 -0.8080664059 -0.2143212004 -0.1854593376   0.0060306828  -0.1351144452 163.3168067864 0.0004555014 0.0003121011 0.0001477519  0.0001405038 -0.0002195561 -0.0003050520
1628080363.7184269428 -2853539.4199817348  4667029.4753294215  3268789.5733789429 -0.7171881156 -0.2224019533  0.0446701017   0.0039037749  -0.0720113366 163.2899480198  0.0003190550 -0.0003496832  0.0001246876  0.0001520877 -0.0002231817 -0.0003368128
1628080363.8160560131 -2853539.4662546539  4667029.5112251705  3268789.5241276608 -0.7228561458 -0.2084920148  0.2574588629   0.0865160474   0.0337213670 163.2611035238  0.0004372258 -0.0008679645  0.0000983457  0.0001519038 -0.0002228029 -0.0003603664
1628080363.9217820168 -2853539.5080484650  4667029.5427188976  3268789.4682721822 -0.6875414139 -0.1676497190  0.0674952286   0.1815969418  -0.0367600868 163.2325513795  0.0006465986 -0.0005789659 -0.0000842274  0.0001566379 -0.0002217618 -0.0003445935
1628080364.0206470490 -2853539.5428793025  4667029.5613277284  3268789.4120855136 -0.6713528958 -0.2018432836 -0.0323240641   0.2083383054   0.0074459420 163.1663613648  0.0007533682 -0.0010647010 -0.0000641640  0.0001591698 -0.0002290278 -0.0003379909
1628080364.1183190346 -2853539.5773958550  4667029.5787875438  3268789.3542415840 -0.6863354907 -0.2040236561 -0.0091045101   0.1797697736   0.1677992422 163.1141781647  0.0004043162 -0.0014895370  0.0000986985  0.0001585107 -0.0002316950 -0.0003414560
1628080364.2169740200 -2853539.6096409499  4667029.5923465444  3268789.2824066328 -0.8009137443 -0.2061564943 -0.1600353013   0.0981636782   0.1779344597 163.0991947445 -0.0000619826 -0.0010905976 -0.0000607342  0.0001475353 -0.0002305078 -0.0003277300
1628080364.3257269859 -2853539.6475637676  4667029.6125500845  3268789.2019320894 -0.8209480436 -0.2033988970 -0.1025108216   0.0346592811   0.2170481318 163.0937827162 -0.0003259574 -0.0012963552 -0.0000985964  0.0001487030 -0.0002309153 -0.0003402631
1628080364.4273099899 -2853539.6880380809  4667029.6473840019  3268789.1357175754 -0.8155893797 -0.1533582049  0.1151626316   0.1032960528   0.2901397308 163.1073735607 -0.0002695060 -0.0014367700 -0.0002103319  0.0001507913 -0.0002257947 -0.0003661841
1628080364.5196440220 -2853539.7201416353  4667029.6761528840  3268789.0788568561 -0.7573715980 -0.1278981053  0.0462923195   0.2106019094   0.2228795794 163.0730486399 -0.0000336714 -0.0007444109 -0.0000759280  0.0001583966 -0.0002266619 -0.0003611005
1628080364.6190381050 -2853539.7559751254  4667029.7002431108  3268789.0212129522 -0.7033202462 -0.1919957965  0.0253934180   0.2936085566   0.2224245139 163.0288688269 -0.0000778717 -0.0008365036  0.0000772539  0.0001648212 -0.0002381579 -0.0003634123
1628080364.7232060432 -2853539.8029964580  4667029.7283810005  3268788.9665329205 -0.6907523649 -0.2531176568  0.1493129350   0.3305090573   0.3536159608 162.9618954728 -0.0002138411 -0.0010706576  0.0002410663  0.0001650727 -0.0002479062 -0.0003785337
1628080364.8213789463 -2853539.8449986428  4667029.7467355151  3268788.9030490550 -0.7713166322 -0.2646424492 -0.0325291883   0.3235307925   0.2918418556 162.8801661016 -0.0002964235 -0.0002498296  0.0001894179  0.0001573259 -0.0002482419 -0.0003593505
1628080364.9240229130 -2853539.8851675489  4667029.7594494121  3268788.8205535025 -0.8748718276 -0.2675556546 -0.2045980441   0.3353865065   0.2067777155 162.7557063498 -0.0004478001  0.0000436388  0.0002496216  0.0001493193 -0.0002469009 -0.0003452491
1628080365.0197279453 -2853539.9238180467  4667029.7811413473  3268788.7488208385 -0.8523810537 -0.2221924879 -0.0021555321   0.4055132433   0.2278966975 162.6586294693 -0.0001840361 -0.0000407453  0.0003346263  0.0001547414 -0.0002428672 -0.0003693173
1628080365.1194119453 -2853539.9725102233  4667029.8109213952  3268788.6850337135 -0.8112069144 -0.2669356713  0.1075816448   0.5189243389   0.1856131666 162.4946140666 0.0004248144 0.0001523846 0.0004487577  0.0001600217 -0.0002509417 -0.0003858488
1628080365.2178449631 -2853540.0247626090  4667029.8456274513  3268788.6313968762 -0.7656821312 -0.2601352995  0.2425642828   0.5862513454   0.2833514988 162.3371198749  0.0008013648 -0.0005626097  0.0006372343  0.0001684071 -0.0002554641 -0.0004022958
1628080365.3227250576 -2853540.0746033299  4667029.8827188499  3268788.5687769325 -0.8003901094 -0.2082088516  0.1428914240   0.5553991880   0.4020160372 162.2479335302  0.0005970930 -0.0009058023  0.0005195248  0.0001670477 -0.0002510734 -0.0003934394
1628080365.4220499992 -2853540.1047858507  4667029.8928108094  3268788.4873557710 -0.8386775877 -0.2001498588 -0.2949056681   0.4337914563   0.2559453934 162.1785163908 0.0000153707 0.0002617786 0.0002441930  0.0001637409 -0.0002524518 -0.0003469790
1628080365.5211360455 -2853540.1312818807  4667029.8899247441  3268788.3957475289 -0.8674485286 -0.2542251077 -0.4251920879   0.2555978592   0.1821529415 162.0955435027 -0.0002513440  0.0002452602 -0.0000032341  0.0001624403 -0.0002593267 -0.0003389950
1628080365.6198239326 -2853540.1724650767  4667029.9126062160  3268788.3183120862 -0.8852914765 -0.2390885393  0.0449405325   0.1824327917   0.3002011871 162.0603749575 -0.0002243660 -0.0002093865 -0.0002221127  0.0001613036 -0.0002556859 -0.0003939790
1628080365.7318639755 -2853540.2338080490  4667029.9641986033  3268788.2430707375 -0.9361479320 -0.2249004996  0.2661355031   0.2597178332   0.2589179733 162.0947804430  0.0000158144 -0.0000448978 -0.0005252745  0.0001567881 -0.0002519674 -0.0004217368
1628080365.8260281086 -2853540.2817460420  4667030.0054786280  3268788.1775202546 -0.9339414265 -0.2157499574  0.1566333192   0.3349749214   0.2255352445 162.2100944628  0.0000762847  0.0000910811 -0.0009001053  0.0001597544 -0.0002513890 -0.0004139180
1628080365.9217000008 -2853540.3263151827  4667030.0474814698  3268788.1073879073 -0.9595424511 -0.1533880045  0.1423716014   0.3669819896   0.2859409100 162.4229862786  0.0003154526 -0.0003154861 -0.0011340487  0.0001614650 -0.0002483438 -0.0004133627
1628080366.0284190178 -2853540.3728670035  4667030.0799204428  3268788.0232853875 -0.9296958195 -0.2192495411 -0.0280776810   0.2807148803   0.3084803901 162.6803017051  0.0000014521 -0.0004117944 -0.0013790102  0.0001640790 -0.0002603408 -0.0003976851
1628080366.1213240623 -2853540.4072780833  4667030.0879379213  3268787.9523715205 -0.7755553333 -0.2763344333 -0.2059500918   0.1246589173   0.4074237641 162.8998271491 -0.0006562909 -0.0008094303 -0.0015157831  0.0001796891 -0.0002749612 -0.0003839560
1628080366.2215180397 -2853540.4501606273  4667030.1029966231  3268787.8867883431 -0.7264185613 -0.2833779461 -0.0042328390   0.0047406922   0.5000092153 163.2406645583 -0.0007323751 -0.0005449140 -0.0017332452  0.0001834613 -0.0002778525 -0.0004084363
1628080366.3204829693 -2853540.4953935836  4667030.1195918201  3268787.8261888786 -0.7220529283 -0.2992923884  0.0030316753   0.0275153160   0.4753484639 163.5962109218 -0.0004795148 -0.0001243886 -0.0019104488  0.0001835485 -0.0002794510 -0.0004148026
1628080366.4264440536 -2853540.5450964188  4667030.1438403064  3268787.7590241949 -0.7868885222 -0.2678394635  0.0558231777   0.0768459325   0.4786344569 164.0414730388 -0.0000657360 -0.0000283175 -0.0020651768  0.0001784731 -0.0002763621 -0.0004226243
1628080366.5258719921 -2853540.5888182432  4667030.1689477144  3268787.6926564421 -0.8178966723 -0.2316915448  0.0194858469   0.0775284608   0.3725120841 164.4439251013  0.0000665763  0.0004487534 -0.0021070783  0.0001774997 -0.0002753764 -0.0004212429
1628080366.6248428822 -2853540.6254738751  4667030.1892227298  3268787.6137652677 -0.9058062009 -0.1993372574 -0.1316655481   0.0627918125   0.2294587912 164.8206872887 -0.0000434216  0.0006346271 -0.0021122161  0.0001722934 -0.0002727964 -0.0004056963
1628080366.7243158817 -2853540.6599095440  4667030.2142911935  3268787.5291789868 -0.9483623763 -0.1552600508 -0.0972780158   0.0991959293   0.2724531605 165.2330893314  0.0000587943  0.0002997518 -0.0021817435  0.0001711629 -0.0002667447 -0.0004140859
1628080366.8246309757 -2853540.7065963210  4667030.2524486287  3268787.4617183525 -0.8533020713 -0.1977950501  0.1851115894   0.2480366577   0.2728946095 165.6027316670  0.0004651737  0.0001725398 -0.0018911142  0.0001804184 -0.0002760551 -0.0004469770
1628080366.9234719276 -2853540.7574532041  4667030.2848115396  3268787.3989868704 -0.8303262488 -0.2607207699  0.1285014327   0.3758790093   0.1794317623 165.9555164463  0.0004321057  0.0003158778 -0.0017361714  0.0001822568 -0.0002882872 -0.0004450311
1628080367.0238840580 -2853540.8012186410  4667030.3082800964  3268787.3357113386 -0.7527047107 -0.2342073930  0.0032298079   0.3469862823   0.2522417453 166.3359916457  0.0003642707 -0.0000687169 -0.0013517151  0.0001942493 -0.0002930126 -0.0004346307
1628080367.1230978966 -2853540.8411964816  4667030.3229095051  3268787.2698559938 -0.7451520727 -0.2672692297 -0.0583517016   0.2519804748   0.2901185747 166.7239789644  0.0002367565  0.0000222765 -0.0012461824  0.0001954211 -0.0003004779 -0.0004261883
1628080367.2222828865 -2853540.8731831377  4667030.3355613463  3268787.1957757967 -0.8027177349 -0.1990566277 -0.1801879274   0.2412217405   0.2265839904 167.1628763948  0.0003657802  0.0001164969 -0.0013129659  0.0001935145 -0.0002904274 -0.0004168817
1628080367.3215119839 -2853540.9103177679  4667030.3670242336  3268787.1258723978 -0.8613714214 -0.1393492838  0.0778773501   0.3881716978   0.2478540067 167.6139562236  0.0013857335 -0.0001929843 -0.0012602210  0.0001905839 -0.0002819095 -0.0004509326
1628080367.4271008968 -2853540.9611695376  4667030.4067534078  3268787.0634062658 -0.7923644944 -0.2219852300  0.1901244336   0.6996679020   0.2014774869 168.0039858351  0.0024245681 -0.0001736861 -0.0010232798  0.0001975808 -0.0002946015 -0.0004672760
1628080367.5286259651 -2853541.0077182264  4667030.4401884405  3268787.0055249156 -0.7622464976 -0.1918438938  0.1271167734   0.8630382991   0.2106889907 168.3875146852  0.0029597375 -0.0001317547 -0.0008194848  0.0002041806 -0.0003002192 -0.0004653722
1628080367.6267800331 -2853541.0509916390  4667030.4528850745  3268786.9383374695 -0.7716655703 -0.3065740345 -0.0967419364   0.7972710981   0.3335801700 168.7930144158  0.0023867687 -0.0004647587 -0.0006565122  0.0002020888 -0.0003204152 -0.0004392597
1628080367.7278609276 -2853541.0842429646  4667030.4547243565  3268786.8484553713 -0.8818479539 -0.2642844229 -0.3445641239   0.6364946654   0.3234678399 169.2430715494  0.0015620798 -0.0002233004 -0.0006837785  0.0001915890 -0.0003143001 -0.0004117072
1628080367.8327069283 -2853541.1187923532  4667030.4727738686  3268786.7489901064 -0.9961992308 -0.1803635579 -0.2055962692   0.5945453253   0.2931247593 169.7333958085  0.0013548787 -0.0002387859 -0.0008281271  0.0001824146 -0.0003029817 -0.0004331824
1628080367.9271159172 -2853541.1604275471  4667030.5091260364  3268786.6703415285 -1.0011959047 -0.1704702918  0.0832484702   0.7066958225   0.1677827325 170.1975990240  0.0018702774  0.0003180933 -0.0007985744  0.0001811965 -0.0003020509 -0.0004703617
1628080368.0252649784 -2853541.2073162175  4667030.5567695554  3268786.5943711973 -1.0203865714 -0.1354018304  0.1691585755   0.8708001810   0.0117741803 170.6276814223  0.0023588011  0.0006320942 -0.0006783131  0.0001823312 -0.0003010707 -0.0004848961
1628080368.1244459152 -2853541.2468084674  4667030.5979743693  3268786.5198545652 -0.9249719888 -0.1056095573  0.0562952211   0.9371252463   0.0540173558 171.0443239098  0.0027269726  0.0001684777 -0.0005671999  0.0001975300 -0.0003041753 -0.0004786488
1628080368.2302200794 -2853541.2805454913  4667030.6307373196  3268786.4501318200 -0.7606329140 -0.1028827936  0.0113250259   0.8996079974   0.0009713338 171.5298468230  0.0026258048  0.0004380369 -0.0006477311  0.0002180002 -0.0003104811 -0.0004742122
1628080368.3247430325 -2853541.3057057741  4667030.6490031620  3268786.3854949260 -0.7500150228 -0.1227754048 -0.1258262855   0.8887549408  -0.1624530585 171.9768056338  0.0024523857  0.0010497907 -0.0005671016  0.0002212372 -0.0003156015 -0.0004608758
1628080368.4235088825 -2853541.3313020910  4667030.6688470729  3268786.3117766376 -0.8155967495 -0.1098648900 -0.1518398097   0.8722480998  -0.2082147022 172.4686679385  0.0024623419  0.0009309774 -0.0005810020  0.0002157303 -0.0003156641 -0.0004652583
1628080368.5293180943 -2853541.3669206025  4667030.6991574904  3268786.2367442599 -0.8346666971 -0.1360162061  0.0129140382   0.8564757616  -0.0794211024 172.9222078824  0.0027166272  0.0001950396 -0.0003297876  0.0002152981 -0.0003218426 -0.0004898121
1628080368.6285250187 -2853541.4065553900  4667030.7345677121  3268786.1725196615 -0.8213440060 -0.1414820049  0.1170829456   0.8513185491   0.0872390109 173.3499081347  0.0026421426 -0.0004334049 -0.0002215232  0.0002180520 -0.0003270798 -0.0005049017
1628080368.7276360989 -2853541.4412476597  4667030.7668296173  3268786.1081274669 -0.7980853471 -0.1110392821  0.0448981741   0.8405437745   0.0831044466 173.6894931441  0.0025627195 -0.0003783585  0.0001472387  0.0002225948 -0.0003269796 -0.0004957899
1628080368.8272171021 -2853541.4737038291  4667030.7907131938  3268786.0404643766 -0.7916288377 -0.1510634339 -0.0562037233   0.8400075873   0.0940064164 173.8923895878  0.0026169266 -0.0004729591  0.0005122520  0.0002275925 -0.0003356508 -0.0004868699
1628080368.9264469147 -2853541.5119200922  4667030.8072508322  3268785.9762444212 -0.7223038409 -0.2525916804 -0.0455228897   0.8378089776   0.2807527076 173.9073535185  0.0026575684 -0.0011953479  0.0012108693  0.0002376307 -0.0003524997 -0.0004919203
1628080369.0252981186 -2853541.5543329823  4667030.8364188876  3268785.9171346170 -0.7656171204 -0.1912686616  0.1374958462   0.8607596473   0.4872206896 173.9414880097  0.0022738399 -0.0009602637  0.0016885610  0.0002340876 -0.0003470091 -0.0005127600
1628080369.1246049404 -2853541.5910350564  4667030.8617217150  3268785.8428581795 -0.8783366738 -0.1666773860 -0.0879240930   0.8278897782   0.5537073865 173.9141655841  0.0016311193 -0.0005288112  0.0020255265  0.0002226057 -0.0003459764 -0.0004887906
1628080369.2296569347 -2853541.6222933200  4667030.8870110931  3268785.7449472938 -1.0155215420 -0.1045933664 -0.1960743995   0.7162834079   0.5804300810 173.9723306505  0.0010411973 -0.0000931067  0.0019135437  0.0002089172 -0.0003411459 -0.0004768745
1628080369.3291079998 -2853541.6519805859  4667030.9215732859  3268785.6513950177 -1.0526681525 -0.0569363125 -0.0937243890   0.6324633461   0.5759575079 173.9708892644 0.0005387156 0.0002823186 0.0020766438  0.0002081373 -0.0003377252 -0.0004917898
1628080369.4290819168 -2853541.6783671905  4667030.9631645437  3268785.5670599937 -0.9688679461 -0.0034086830  0.0057172789   0.5995827421   0.5383864319 173.8996476054 0.0003986256 0.0006618008 0.0022154888  0.0002226122 -0.0003323810 -0.0005057509
1628080369.5341229439 -2853541.7029886241  4667031.0108118830  3268785.4871245464 -0.9150354044  0.0474256340  0.0306462160   0.6204765496   0.4077775896 173.7631526127 0.0004660772 0.0009154172 0.0023595894  0.0002324816 -0.0003286778 -0.0005160433
1628080369.6271219254 -2853541.7316187369  4667031.0506721912  3268785.4181931242 -0.9196125180 -0.0590735319  0.0478393819   0.6737867149   0.3545765227 173.5455294348 0.0006708711 0.0006362887 0.0025722488  0.0002341106 -0.0003427598 -0.0005235298
1628080369.7273559570 -2853541.7694351729  4667031.0897346912  3268785.3434033319 -0.9123062354 -0.1180499438  0.0735260263   0.6636307414   0.3798500294 173.3193953697 0.0005913541 0.0004715943 0.0026202455  0.0002341861 -0.0003559924 -0.0005285942
1628080369.8268170357 -2853541.8078766856  4667031.1210672511  3268785.2633900205 -0.9427127204 -0.1604958537 -0.0407675816   0.5035685625   0.2705005476 173.0854934352 -0.0005433135  0.0006588321  0.0027484264  0.0002302298 -0.0003652396 -0.0005166946
1628080369.9259719849 -2853541.8464122610  4667031.1525364304  3268785.1768837408 -1.0117471199 -0.1729210668 -0.0615582837   0.3105931117   0.1686722072 172.8937555916 -0.0009967957  0.0005640078  0.0025350596  0.0002234668 -0.0003648984 -0.0005186579
1628080370.0257279873 -2853541.8881574236  4667031.1876840321  3268785.0924580465 -0.9872308425 -0.1893186236  0.0041434529   0.2472724173   0.2315266388 172.7017156219 -0.0008591368  0.0000255173  0.0024399204  0.0002267694 -0.0003645253 -0.0005345132
1628080370.1381130219 -2853541.9437275468  4667031.2354264893  3268785.0057090325 -0.9817229844 -0.2033976882  0.1559269276   0.3766591756   0.2509329391 172.4893686698 -0.0005280289 -0.0001850661  0.0023444541  0.0002274453 -0.0003668348 -0.0005576980
1628080370.2374029160 -2853541.9819337935  4667031.2910522064  3268784.9283359246 -1.0279137082 -0.0042765315  0.1730608352   0.4650037198   0.2194838080 172.3878144518 -0.0003642442 -0.0001632496  0.0021150446  0.0002257631 -0.0003444920 -0.0005623124
1628080370.3302419186 -2853542.0112105757  4667031.3403946608  3268784.8461675136 -1.0900863705  0.0306383520  0.0526934683   0.4090344097   0.1864996010 172.3388860267 -0.0007241711 -0.0000682224  0.0016524373  0.0002199280 -0.0003439737 -0.0005485723
1628080370.4290690422 -2853542.0351177845  4667031.3764958605  3268784.7490375945 -1.0682665756 -0.0150269665 -0.1815474987   0.2955620494   0.2559316116 172.2848668442 -0.0011933624 -0.0004317917  0.0013270971  0.0002244209 -0.0003528458 -0.0005235369
1628080370.5281701088 -2853542.0631221156  4667031.4113899851  3268784.6520841350 -1.0697092663 -0.0701242998 -0.1017101566   0.2225121569   0.3606534568 172.2969142531 -0.0010675554 -0.0007352334  0.0007401538  0.0002235015 -0.0003576829 -0.0005362685
1628080370.6327528954 -2853542.1015308648  4667031.4546731897  3268784.5619790498 -1.0130870206 -0.0949726010  0.0388874102   0.2508412851   0.3986064812 172.3834223996 -0.0007709788 -0.0009543352  0.0002388001  0.0002316943 -0.0003630703 -0.0005585643
1628080370.7318859100 -2853542.1443645325  4667031.5001140265  3268784.4803199973 -1.0298045249 -0.1183915843  0.1191746648   0.3225390127   0.4070949369 172.5121678567 -0.0005110079 -0.0009586640 -0.0001454041  0.0002300921 -0.0003691078 -0.0005680976
1628080370.8310561180 -2853542.1877172841  4667031.5420726817  3268784.3995133280 -1.0099750514 -0.1512199412  0.0577137427   0.3304046763   0.3505109217 172.6787502459 -0.0005903795 -0.0006613846 -0.0005449826  0.0002353215 -0.0003757539 -0.0005648061
1628080370.9364879131 -2853542.2276905300  4667031.5780490143  3268784.3136932342 -0.9516987227 -0.1431370728 -0.0244468779   0.2641639935   0.4539459335 172.8476323359 -0.0009082365 -0.0010010142 -0.0007107535  0.0002471740 -0.0003799238 -0.0005567723
1628080371.0292038918 -2853542.2612946602  4667031.6066248436  3268784.2384113609 -0.9296053889 -0.1571614181 -0.0409104986   0.2555170095   0.5096098616 173.0542680405 -0.0007838331 -0.0010249001 -0.0009745407  0.0002497161 -0.0003811959 -0.0005591906
1628080371.1350889206 -2853542.2989000990  4667031.6441658214  3268784.1595237902 -0.8908391765 -0.0926844744  0.0308063357   0.2904288896   0.4803062979 173.2453013962 -0.0005333249 -0.0007803946 -0.0009592121  0.0002574467 -0.0003781143 -0.0005737328
1628080371.2345969677 -2853542.3312660935  4667031.6791734667  3268784.0805129092 -0.9389073977 -0.0795166779 -0.0219349044   0.3341630166   0.4595674442 173.4706904486 -0.0002525545 -0.0007438931 -0.0010396375  0.0002544006 -0.0003784835 -0.0005706193
1628080371.3335900307 -2853542.3635991625  4667031.7163872691  3268784.0001573656 -0.9581836173 -0.0631579534  0.0048766269   0.2638341683   0.4503959893 173.6779221740 -0.0003615161 -0.0005815769 -0.0011344817  0.0002546153 -0.0003803439 -0.0005747055
1628080371.4329299927 -2853542.3931802609  4667031.7517789761  3268783.9151250515 -0.9759229705 -0.0578587950 -0.0640923652   0.1963822521   0.4478503029 173.8898860862 -0.0006571226 -0.0005789626 -0.0011471301  0.0002551007 -0.0003815316 -0.0005690516
1628080371.5333149433 -2853542.4297721800  4667031.7955118222  3268783.8258047560 -1.0740924626 -0.0914559550  0.0341332769   0.1917414522   0.4057281553 174.1577159644 -0.0002436458 -0.0003770761 -0.0012473095  0.0002435853 -0.0003825126 -0.0005867519
1628080371.6312899590 -2853542.4635102521  4667031.8412778312  3268783.7387123238 -1.0697638771 -0.0316962291  0.0142725106   0.2460952716   0.3832025224 174.3406386315  0.0000788460 -0.0002040976 -0.0011552651  0.0002485649 -0.0003778983 -0.0005891934
1628080371.7301630974 -2853542.4985213010  4667031.8864913573  3268783.6526825344 -1.0452765821 -0.0579663812  0.0480473195   0.2748860580   0.3829820232 174.5034010404  0.0001497294 -0.0000412183 -0.0009595966  0.0002546423 -0.0003863291 -0.0005944421
1628080371.8300099373 -2853542.5283393338  4667031.9299297072  3268783.5700187017 -0.9774169003 -0.0089020834  0.0018093662   0.2400133853   0.3187140543 174.5708367097 -0.0000715042  0.0002198457 -0.0005793951  0.0002685734 -0.0003845997 -0.0005940036
1628080371.9384651184 -2853542.5564359631  4667031.9706832534  3268783.4792869594 -0.9537896265 -0.0190457781 -0.0736119290   0.1514190150   0.3644195946 174.5024741949 -0.0003001077 -0.0001197298 -0.0000829070  0.0002761678 -0.0003909419 -0.0005902878
1628080372.0354189873 -2853542.5849569575  4667032.0077430028  3268783.4026258471 -0.9273848761 -0.0556591761  0.0057537491   0.1050583059   0.4437200371 174.3272663998 -0.0002607650 -0.0002972772  0.0004979881  0.0002822904 -0.0003963872 -0.0006052903
1628080372.1344740391 -2853542.6203942592  4667032.0481746178  3268783.3245113362 -0.9643406262 -0.1057759138  0.0641902262   0.0978368921   0.4390390986 174.1047859162 -0.0002049957 -0.0001438821  0.0008509145  0.0002797891 -0.0004021735 -0.0006162889
1628080372.2338669300 -2853542.6581783551  4667032.0892157787  3268783.2412390290 -1.0275302872 -0.1056056012  0.0164708283   0.0932322732   0.4012019403 173.8736410045 -0.0003032275  0.0000108488  0.0009940113  0.0002760807 -0.0004038924 -0.0006139691
1628080372.3337759972 -2853542.6934289224  4667032.1268081600  3268783.1444580089 -1.1192428960 -0.0981569527 -0.0931102539   0.0456959608   0.4168648976 173.6195428034 -0.0004579340 -0.0001967263  0.0011061171  0.0002688118 -0.0004051960 -0.0006021385
1628080372.4330151081 -2853542.7335220305  4667032.1645607566  3268783.0424596835 -1.1710819064 -0.1574677730 -0.0675481820   0.0061354359   0.4256762452 173.3577590828 -0.0005028146 -0.0000813371  0.0012193107  0.0002626258 -0.0004129698 -0.0006097786
1628080372.5330390930 -2853542.7816569861  4667032.2047936823  3268782.9379635127 -1.2161751993 -0.2044964827 -0.0413025099  -0.0272067798   0.3827362429 173.0928588742 -0.0006133645  0.0000193220  0.0013112898  0.0002586655 -0.0004215343 -0.0006189867
1628080372.6325979233 -2853542.8282202156  4667032.2528991168  3268782.8361739647 -1.2247280033 -0.1361520418  0.0367603042  -0.0489544366   0.3668533518 172.8120801316 -0.0006253841  0.0001187963  0.0013300593  0.0002622778 -0.0004131020 -0.0006322746
1628080372.7452600002 -2853542.8744932851  4667032.3122048369  3268782.7208424029 -1.2359985959 -0.0761528150  0.0465802522  -0.0985216234   0.3588414983 172.4896704529 -0.0009381816  0.0002367895  0.0014045520  0.0002668312 -0.0004052120 -0.0006351468
1628080372.8320820332 -2853542.9075218611  4667032.3574367268  3268782.6289016865 -1.2472707111 -0.0476522032 -0.0376224287  -0.0984638763   0.4123913455 172.2250198562 -0.0009341442  0.0002201903  0.0013858918  0.0002667786 -0.0004031340 -0.0006335333
1628080372.9331591129 -2853542.9439698751  4667032.4080048343  3268782.5151976780 -1.2929187488 -0.0384190303 -0.0750593011  -0.0702861890   0.4492492433 171.9003429206 -0.0009148091  0.0002332797  0.0013193130  0.0002624448 -0.0004021945 -0.0006320860
1628080373.0363209248 -2853542.9873233787  4667032.4611883191  3268782.3990791226 -1.3164020867 -0.0899679379  0.0044023669  -0.0478929119   0.4187035816 171.5823347330 -0.0009461132  0.0005174043  0.0012340395  0.0002605271 -0.0004115451 -0.0006387706
1628080373.1364920139 -2853543.0350024067  4667032.5109908609  3268782.2903747368 -1.2780846029 -0.1572261117  0.0138783287  -0.1243080281   0.3757885051 171.2551014742 -0.0011819580  0.0007398514  0.0011826849  0.0002668864 -0.0004234773 -0.0006430696
1628080373.2354590893 -2853543.0801609689  4667032.5535247326  3268782.1843045736 -1.2212792318 -0.1696141370 -0.0515822055  -0.1615080735   0.3981798984 170.9392373820 -0.0012144834  0.0008517686  0.0010754427  0.0002750413 -0.0004269771 -0.0006397815
1628080373.3378698826 -2853543.1253319900  4667032.6009129668  3268782.0838966696 -1.1508251385 -0.1278174689  0.0224832868  -0.1044511527   0.3783350714 170.5852315036 -0.0009380727  0.0010244098  0.0010268509  0.0002851182 -0.0004219761 -0.0006569134
1628080373.4348340034 -2853543.1697799349  4667032.6523980964  3268781.9947533291 -1.1468092351 -0.1167462298  0.1281048419  -0.0668299462   0.2998513217 170.2216762205 -0.0007787815  0.0013841481  0.0010452731  0.0002857184 -0.0004214001 -0.0006747907
