1627998819.9147930145 -2853304.2522477442  4667242.8129307684  3268689.5887795724  0.0028981242 -0.0007948986 -0.0014713180 -179.0254746703    0.0997671459   79.8228845793 0.0000000000 0.0000000000 0.0000000000 0.0000000000 0.0000000000 0.0000000000
1627998820.0160911083 -2853304.2517242189  4667242.8096669056  3268689.5939366161  0.0743602100  0.0102613909 -0.0103489877 -179.0247500033    0.0981039931   79.8228530743 -0.0000059136  0.0000011591 -0.0000029913 -0.0000009204 -0.0000012472  0.0000006680
1627998820.1164400578 -2853304.2489528954  4667242.8068977930  3268689.5935916919  0.0213023108 -0.0167618156  0.0338237517 -179.0298621047    0.0947747559   79.8169847420  0.0000396622  0.0000038814 -0.0000452888 0.0000010291 0.0000036796 0.0000043908
1627998820.2169361115 -2853304.2475431310  4667242.8067687340  3268689.5976707600  0.0596124635 -0.0134237708 -0.0337458591 -179.0278066664    0.0970650828   79.8226097005  0.0001395788  0.0000733836 -0.0000092340 0.0000003152 0.0000038964 0.0000018588
1627998820.3165080547 -2853304.2476539621  4667242.8040895294  3268689.6020645304  0.0636341807  0.0204330072 -0.0043051247 -179.0251119368    0.0994314868   79.8321982010 0.0001284238 0.0000481460 0.0000430320 -0.0000014444  0.0000066796  0.0000049184
1627998820.4169180393 -2853304.2493799631  4667242.8020302691  3268689.6038625133  0.0235367314  0.0250586725 -0.0105724135 -179.0261855118    0.0993877758   79.8358928641 0.0000667345 0.0000727724 0.0001343740 -0.0000010964  0.0000114407  0.0000058247
1627998820.5172579288 -2853304.2523578415  4667242.7994040726  3268689.6029385915 0.0032897142 0.0397725853 0.0082613910 -179.0270553869    0.0973370908   79.8441226909  0.0000023867 -0.0000033532  0.0002453530 -0.0000017207  0.0000151331  0.0000080991
1627998820.6182360649 -2853304.2520916834  4667242.8011385538  3268689.5992146251 -0.0327339062 -0.0264502709 -0.0009861045 -179.0286140375    0.0978492969   79.8469052458  0.0001377811 -0.0000721697  0.0002462556 0.0000025091 0.0000190662 0.0000087998
1627998820.7180829048 -2853304.2476231819  4667242.8079175437  3268689.5959269195 -0.0326333557 -0.0872158942 -0.0250512009 -179.0269516821    0.0958903451   79.8368181887  0.0001539606 -0.0000786452  0.0001188124 0.0000062038 0.0000210183 0.0000087842
1627998820.8185389042 -2853304.2442433420  4667242.8097718665  3268689.5953480070  0.0168844419 -0.0279191258  0.0044789746 -179.0290970280    0.0950520369   79.8369066089  0.0000912002 -0.0000999492  0.0000324029 0.0000023690 0.0000211501 0.0000118201
1627998820.9198589325 -2853304.2431272366  4667242.8074517380  3268689.6011786647  0.0884736338  0.0072840805 -0.0188403920 -179.0266893739    0.0959645134   79.8329294575  0.0000191576 -0.0001117171 -0.0000549227 -0.0000004279  0.0000196940  0.0000117929
1627998821.0195689201 -2853304.2424456323  4667242.8026040168  3268689.6065058513 0.0688266609 0.0191954467 0.0061532042 -179.0286607795    0.0972914237   79.8363149834  0.0001100311 -0.0001151805  0.0000312970 -0.0000007722  0.0000235806  0.0000148094
1627998821.1206281185 -2853304.2441443475  4667242.8031196296  3268689.6065057055 -0.0052446960  0.0071365667 -0.0246721814 -179.0267760409    0.0962370879   79.8340416740  0.0000369936 -0.0001388595  0.0000495987 0.0000009020 0.0000305065 0.0000143224
1627998821.2288830280 -2853304.2437710902  4667242.8034270788  3268689.6046553641  0.0019845585 -0.0085586440  0.0028022893 -179.0273285985    0.0951120116   79.8377759823 -0.0000026315 -0.0001250681  0.0000322696 0.0000020056 0.0000328177 0.0000176602
1627998821.3208680153 -2853304.2444195966  4667242.8059154246  3268689.6038994873 -0.0066170689 -0.0094271075 -0.0306294152 -179.0257671414    0.0981459474   79.8363889616 -0.0000156826 -0.0000997736  0.0000201316 0.0000023268 0.0000356164 0.0000169486
1627998821.4219460487 -2853304.2445915234  4667242.8056163136  3268689.6000850685 -0.0203069922  0.0066453014  0.0224104024 -179.0280826352    0.0970941904   79.8367026170  0.0000517220 -0.0003002871 -0.0000239465 0.0000019769 0.0000392167 0.0000216291
1627998821.5219440460 -2853304.2467912002  4667242.8086222373  3268689.5962404436 -0.0409534214  0.0067022519 -0.0303673583 -179.0280859638    0.1010142063   79.8420770359 -0.0000750714 -0.0004358450  0.0000340608 0.0000032055 0.0000431050 0.0000199141
1627998821.6224350929 -2853304.2388059646  4667242.8131685872  3268689.5939952554  0.0055020808 -0.1089259369  0.0160369472 -179.0319388927    0.0989016914   79.8426678394 -0.0001763875 -0.0004998767 -0.0000500993 0.0000106774 0.0000416937 0.0000241581
1627998821.7238950729 -2853304.2301092800  4667242.8190312376  3268689.5966441329  0.0408902180 -0.0943727568 -0.0376015431 -179.0322139472    0.1023415830   79.8430890833 -0.0003575177 -0.0007765188 -0.0000206429 0.0000108879 0.0000421619 0.0000226584
1627998821.8245520592 -2853304.2197227753  4667242.8273765659  3268689.5967793330  0.0027681233 -0.1289873576 -0.0209955092 -179.0320478036    0.1040488192   79.8413114459 -0.0005126726 -0.0010679802 -0.0001132313 0.0000151803 0.0000468715 0.0000248650
1627998821.9246609211 -2853304.2139899251  4667242.8278326308  3268689.5880060904 -0.0563114511 -0.0203727438  0.0761242821 -179.0419802413    0.1226323662   79.8476605723 -0.0002975655 -0.0015611573 -0.0002610520 0.0000119397 0.0000542243 0.0000321070
1627998822.0234830379 -2853304.2172188950  4667242.8348977724  3268689.5800249004 -0.0877854280  0.0133840367 -0.0494641047 -179.0382410333    0.1571216567   79.8727794190 -0.0001056855 -0.0023366886 -0.0002101193 0.0000140184 0.0000595661 0.0000252537
1627998822.1224789619 -2853304.2353395028  4667242.8317089910  3268689.5707940292 -0.0951640015  0.2302972600 -0.0086404051 -179.0429626142    0.1899479228   79.9809513212  0.0003377494 -0.0023055220 -0.0005532318 0.0000053089 0.0000653294 0.0000291350
1627998822.2208969593 -2853304.2608230654  4667242.8156861840  3268689.5678345221 0.0149167088 0.3436675104 0.0188347255 -179.0372651118    0.1766124200   80.1219343347  0.0004591505 -0.0023739329 -0.0006219383 0.0000012405 0.0000625466 0.0000323452
1627998822.3206739426 -2853304.2918087714  4667242.7911239238  3268689.5764061869  0.1381385952  0.4278605418 -0.0189572570 -179.0302183141    0.1855461585   80.2631199125  0.0003834945 -0.0024820503 -0.0006775564 -0.0000010838  0.0000581662  0.0000315432
1627998822.4209260941 -2853304.3196471520  4667242.7670488767  3268689.5903687673  0.1733708253  0.3572246109 -0.0333128934 -179.0335785706    0.1793878137   80.4319109788  0.0006272277 -0.0022910162 -0.0008145235 0.0000062274 0.0000577620 0.0000322109
1627998822.5202150345 -2853304.3530031964  4667242.7415759582  3268689.6005678875  0.1103824633  0.4454157649 -0.0167765217 -179.0246300457    0.1711220313   80.6332809431  0.0006529384 -0.0019302917 -0.0007390800 0.0000038420 0.0000652911 0.0000342144
1627998822.6204659939 -2853304.3917968641  4667242.7083742218  3268689.6143443785  0.1917625592  0.5237533243 -0.0036033670 -179.0301422032    0.1682679808   80.7860813109  0.0002591664 -0.0018628725 -0.0005874399 -0.0000003631  0.0000641804  0.0000368541
1627998822.7250769138 -2853304.4357730611  4667242.6703847805  3268689.6277553877 0.1572206733 0.5602903277 0.0056490083 -179.0408187675    0.1532018017   80.9552478545  0.0000748691 -0.0013916728 -0.0004264936 -0.0000012098  0.0000688251  0.0000391646
1627998822.8241229057 -2853304.4738589968  4667242.6290117558  3268689.6457824851 0.2649728341 0.5401744263 0.0395183682 -179.0298676352    0.1327533586   81.1045695405  0.0006459435 -0.0007020343 -0.0004620541 -0.0000011613  0.0000639497  0.0000430853
1627998822.9233140945 -2853304.5156450588  4667242.6007229825  3268689.6549628875  0.0723545788  0.4935568747 -0.0528525748 -179.0087161760    0.1229952788   81.2746594709  0.0013550915 -0.0003918254 -0.0004911014 0.0000038927 0.0000791367 0.0000379775
1627998823.0224459171 -2853304.5594343776  4667242.5782592781  3268689.6539584021 -0.0352987322  0.4490170287 -0.0225441570 -179.0091423254    0.1161009590   81.4549022299  0.0011288705 -0.0003393486 -0.0005460339 0.0000072293 0.0000891673 0.0000409982
1627998823.1283318996 -2853304.6051615062  4667242.5483446363  3268689.6599793741  0.0870427238  0.5233291796 -0.0305115489 -179.0293495680    0.1023571942   81.5940802009  0.0000557502 -0.0001935263 -0.0003349179 -0.0000002437  0.0000846987  0.0000427272
1627998823.2272319794 -2853304.6390498816  4667242.5218934994  3268689.6673774286 0.0972832062 0.4015623562 0.0070654434 -179.0308661119    0.0842776549   81.7368969703 -0.0006030337  0.0006338565 -0.0003791320 0.0000053283 0.0000853472 0.0000467489
1627998823.3257489204 -2853304.6738587967  4667242.4954558499  3268689.6753029209  0.1025459833  0.4295890798 -0.0177645841 -179.0264163095    0.0833686293   81.8419826588 -0.0005858455  0.0009532398 -0.0001433193 0.0000005786 0.0000876007 0.0000465809
1627998823.4245710373 -2853304.7049174435  4667242.4721262502  3268689.6824335684  0.0885692789  0.3687049106 -0.0096531399 -179.0260306924    0.0814648528   81.9463652316 -0.0005764067  0.0012774517 -0.0000606199 0.0000024811 0.0000909886 0.0000485330
1627998823.5243020058 -2853304.7328475043  4667242.4483402791  3268689.6910502771  0.1158450098  0.3458589896 -0.0004186179 -179.0243983391    0.0760325503   82.0315776454 -0.0004198642  0.0016310976  0.0000412315 0.0000012808 0.0000914564 0.0000507707
1627998823.6230149269 -2853304.7552062459  4667242.4304805426  3268689.6954725333 0.0550690775 0.2590181627 0.0046334843 -179.0236584995    0.0768218417   82.1353656241 0.0001753253 0.0015602239 0.0000030937 0.0000053272 0.0000975317 0.0000521947
1627998823.7225010395 -2853304.7772089532  4667242.4209061367  3268689.6938838814 -0.0358055459  0.2236369863 -0.0361279442 -179.0179697032    0.0780649775   82.2015543787 0.0003948398 0.0013326652 0.0001436746 0.0000067865 0.0001067394 0.0000508637
1627998823.8285949230 -2853304.7971352530  4667242.4067907883  3268689.6921993820 0.0199378633 0.2161732764 0.0281575848 -179.0260364227    0.0717430127   82.2671017803 -0.0001426625  0.0016881420  0.0002536463 0.0000045135 0.0001066967 0.0000572898
1627998823.9279010296 -2853304.8159073945  4667242.3919134038  3268689.7046476132  0.1559069002  0.2292412196 -0.0616334020 -179.0381664869    0.0671620161   82.3123449729 -0.0005617624  0.0015746925  0.0004667941 0.0000003374 0.0000997865 0.0000524456
1627998824.0277860165 -2853304.8280177186  4667242.3724073414  3268689.7138810996 0.1306041662 0.1759341746 0.0523448494 -179.0263179294    0.0769949588   82.3599214231 -0.0004695989  0.0011069713  0.0005785218 0.0000029316 0.0001035614 0.0000621247
1627998824.1262381077 -2853304.8394466490  4667242.3625323148  3268689.7191488370  0.0631697258  0.1425766013 -0.0255152062 -179.0185220858    0.0810559706   82.4060552695 0.0001993666 0.0005711371 0.0005574544 0.0000057247 0.0001107540 0.0000579920
1627998824.2258849144 -2853304.8495571036  4667242.3574990090  3268689.7173334989 -0.0196886391  0.1053391773 -0.0022351098 -179.0173383639    0.0791316505   82.4579861173 0.0004682411 0.0006273273 0.0005216938 0.0000095294 0.0001198566 0.0000614285
1627998824.3253729343 -2853304.8586617229  4667242.3539608568  3268689.7142795818 -0.0220606605  0.0973869289 -0.0077024632 -179.0198154587    0.0773733743   82.4913481132 -0.0000460858  0.0005993092  0.0005600386 0.0000108431 0.0001232587 0.0000625250
1627998824.4248650074 -2853304.8676555250  4667242.3485262971  3268689.7134831431  0.0110200069  0.1206865952 -0.0048700875 -179.0261151316    0.0795860747   82.5331163406 -0.0005260832  0.0000945085  0.0005563214 0.0000110524 0.0001238001 0.0000645340
1627998824.5255889893 -2853304.8815319887  4667242.3393659154  3268689.7158626211  0.0414315021  0.1892711702 -0.0172496932 -179.0249032538    0.0802282080   82.5790669660 -0.0001963397  0.0003649523  0.0004860937 0.0000087115 0.0001247468 0.0000654231
1627998824.6251459122 -2853304.9014935321  4667242.3270301297  3268689.7137610004 -0.0147806499  0.2598817361  0.0103533784 -179.0227053345    0.0779126032   82.6502557365 0.0007554329 0.0003567709 0.0003823492 0.0000071342 0.0001322777 0.0000691072
1627998824.7300679684 -2853304.9246430481  4667242.3174636839  3268689.7126745298 -0.0071887569  0.2459487702 -0.0445804482 -179.0128085942    0.0848436187   82.7541360113  0.0010236151 -0.0000029148  0.0002216460 0.0000116402 0.0001355560 0.0000666758
1627998824.8289680481 -2853304.9451857018  4667242.3027175721  3268689.7133968719 0.0402576808 0.2726889953 0.0160821163 -179.0222670067    0.0773506730   82.8547014410 0.0002440548 0.0002709443 0.0000911272 0.0000127829 0.0001361130 0.0000731283
1627998824.9283919334 -2853304.9683907242  4667242.2821414080  3268689.7203136883  0.1070826007  0.3291399539 -0.0018738631 -179.0289681482    0.0732211635   82.9429885656 -0.0007454965  0.0004356648 -0.0000263031 0.0000109737 0.0001338912 0.0000734600
1627998825.0290260315 -2853304.9952995670  4667242.2553069172  3268689.7352825473  0.1907489947  0.3569452274 -0.0203122487 -179.0274739190    0.0706554434   83.0068635427 -0.0008212344  0.0004787271  0.0000149464 0.0000105000 0.0001311046 0.0000744143
1627998825.1280560493 -2853305.0274314485  4667242.2275100751  3268689.7505331682  0.1716526301  0.4423618173 -0.0273004762 -179.0253891289    0.0655159810   83.0615746228 -0.0001616435  0.0012862227  0.0000429569 0.0000057740 0.0001349705 0.0000757380
1627998825.2263059616 -2853305.0659051165  4667242.1968562929  3268689.7590355715 0.1088031530 0.5136649544 0.0038400265 -179.0212886639    0.0603706398   83.0837076633 0.0004344922 0.0017494840 0.0001175034 0.0000020434 0.0001443225 0.0000795989
1627998825.3323419094 -2853305.1195994001  4667242.1691065822  3268689.7616018136 -0.0082720126  0.5888565422 -0.0707211724 -179.0124195673    0.0570886031   83.0830790723 0.0000774552 0.0015753140 0.0003353757 -0.0000012473  0.0001574912  0.0000749703
1627998825.4323229790 -2853305.1654952029  4667242.1386334673  3268689.7615390639 0.0251472913 0.5521562116 0.0317577167 -179.0202858861    0.0707094663   83.1074391497 0.0000438063 0.0010004446 0.0001891187 0.0000020978 0.0001574689 0.0000834789
1627998825.5313830376 -2853305.2101052064  4667242.1103576822  3268689.7606971012  0.0052110506  0.5314816424 -0.0006263196 -179.0208994144    0.0740073575   83.1266243006 0.0001879760 0.0006873815 0.0002168153 0.0000043912 0.0001617046 0.0000830275
1627998825.6314530373 -2853305.2561454047  4667242.0853610234  3268689.7538673738 -0.0689275858  0.5194532732  0.0049067200 -179.0212537502    0.0828668022   83.1200519338 0.0006322595 0.0001436643 0.0002441875 0.0000063525 0.0001705006 0.0000853613
1627998825.7304630280 -2853305.2986435792  4667242.0626562033  3268689.7501381044 -0.0239497574  0.4760511482 -0.0127003109 -179.0145409192    0.0811181689   83.1215969102 0.0012015733 0.0002402932 0.0002397056 0.0000097081 0.0001698982 0.0000858564
1627998825.8320620060 -2853305.3372987052  4667242.0380847454  3268689.7522505857  0.0528219291  0.4420584575 -0.0098348462 -179.0149314520    0.0844205103   83.1323064536  0.0013650606 -0.0000371562  0.0002069305 0.0000118431 0.0001677075 0.0000876679
1627998825.9295239449 -2853305.3689293731  4667242.0135170734  3268689.7603875231  0.1265852497  0.3995933027 -0.0172955478 -179.0196896759    0.0998141352   83.1649434206  0.0005049005 -0.0009224086  0.0001108874 0.0000147227 0.0001661499 0.0000893602
1627998826.0288589001 -2853305.4025235451  4667241.9796513552  3268689.7764558364 0.2135972358 0.4532164071 0.0063201717 -179.0305038894    0.0963026211   83.1535730504 -0.0008582518 -0.0009152626  0.0002063351 0.0000104276 0.0001627390 0.0000931453
1627998826.1285359859 -2853305.4351420985  4667241.9459993942  3268689.7936143754 0.2142111821 0.4528254159 0.0160700662 -179.0446605974    0.1029712082   83.1959576651 -0.0011917697 -0.0010760815  0.0001363427 0.0000095893 0.0001651334 0.0000952712
1627998826.2287011147 -2853305.4729053234  4667241.9116718927  3268689.8070837478  0.1713421293  0.5092261355 -0.0027572359 -179.0455356043    0.1251124611   83.2068073697 -0.0010811682 -0.0017296590  0.0001304944 0.0000054869 0.0001722630 0.0000960196
1627998826.3343560696 -2853305.5196536477  4667241.8775060046  3268689.8154950594  0.0899110525  0.5554185470 -0.0107669393 -179.0382176620    0.1381528057   83.2098320116 -0.0006621833 -0.0018751849  0.0001859973 0.0000036495 0.0001821051 0.0000970463
1627998826.4419128895 -2853305.5659720246  4667241.8447569832  3268689.8175854641 0.0445333586 0.5256960750 0.0145592056 -179.0313284194    0.1434018915   83.2311107495 -0.0003105175 -0.0019121546  0.0000527633 0.0000076019 0.0001889331 0.0001008481
1627998826.5345299244 -2853305.6102713067  4667241.8221938657  3268689.8183322069 -0.0082831592  0.5417053690 -0.0604795287 -179.0329647711    0.1296656515   83.2293889614 -0.0002079467 -0.0015178930  0.0001036264 0.0000072541 0.0001958939 0.0000967497
1627998826.6329050064 -2853305.6564864097  4667241.7968107201  3268689.8166785939 -0.0208673271  0.5343745834 -0.0104939671 -179.0281101131    0.1095469317   83.1965130069  0.0002476888 -0.0004307116  0.0001688242 0.0000079809 0.0001997556 0.0001022336
1627998826.7327148914 -2853305.7056469233  4667241.7681370685  3268689.8173181536  0.0222813490  0.5749526783 -0.0180863417 -179.0136931211    0.1050976816   83.2179912308 0.0011969369 0.0001034149 0.0000336919 0.0000038784 0.0002004428 0.0001028384
1627998826.8319020271 -2853305.7518327162  4667241.7418642184  3268689.8196916357  0.0306113791  0.5240074438 -0.0389743751 -179.0100654927    0.1055717874   83.2708302154  0.0013621313  0.0002077793 -0.0000751002 0.0000079321 0.0002037492 0.0001032003
1627998826.9307899475 -2853305.7940867487  4667241.7080926429  3268689.8245797460 0.1047916216 0.5449236433 0.0400254087 -179.0241872743    0.1007421119   83.2915328875  0.0001905031  0.0003547899 -0.0001405531 0.0000054923 0.0002024162 0.0001115845
1627998827.0427470207 -2853305.8403894543  4667241.6636990365  3268689.8447025316  0.2398471225  0.5217359088 -0.0022396766 -179.0402395180    0.0882976298   83.3077322390 -0.0010772347  0.0008930905 -0.0002196898 0.0000057246 0.0001944284 0.0001111435
1627998827.1356940269 -2853305.8795985025  4667241.6328183115  3268689.8628938375  0.2104525808  0.5294856950 -0.0670625182 -179.0458667544    0.0872827021   83.3145208750 -0.0011787880  0.0014683246 -0.0000522446 0.0000048900 0.0001993622 0.0001081275
1627998827.2423720360 -2853305.9248536103  4667241.5947085386  3268689.8748683175 0.1440646074 0.5451146203 0.0258504981 -179.0398196453    0.1046880827   83.3285069520 -0.0009755164  0.0014308578 -0.0000121405 0.0000038213 0.0002081590 0.0001165920
1627998827.3347229958 -2853305.9624343291  4667241.5677985530  3268689.8771228641 0.0495797713 0.4940838474 0.0075452150 -179.0413218664    0.1000214606   83.3636651161 -0.0010234130  0.0010936163 -0.0000203143 0.0000092446 0.0002187614 0.0001167807
1627998827.4342510700 -2853306.0089317211  4667241.5423119143  3268689.8843612731  0.0621944328  0.5419893356 -0.0782637404 -179.0686832591    0.0904490073   83.3726405699 -0.0013745302  0.0010694841 -0.0000504652 0.0000057271 0.0002214567 0.0001122854
1627998827.5337789059 -2853306.0569351865  4667241.5138744824  3268689.8891176903  0.0406978046  0.5624255112 -0.0368231071 -179.0882444336    0.0868729810   83.3380044747 -0.0014079992  0.0011040874  0.0000814574 0.0000039667 0.0002258726 0.0001181104
1627998827.6324560642 -2853306.0998746525  4667241.4780648798  3268689.8875760017 0.0394338427 0.5570144312 0.0949982758 -179.0589525520    0.0930665379   83.3562468544 -0.0007206364  0.0012148794  0.0000552360 0.0000046177 0.0002288166 0.0001307881
1627998827.7316761017 -2853306.1446558656  4667241.4479882354  3268689.8899386404  0.0500376906  0.5387928722 -0.0265237357 -179.0300352942    0.1066208804   83.3840735208 -0.0000643485  0.0008493314  0.0000305676 0.0000067039 0.0002317386 0.0001226589
1627998827.8375120163 -2853306.1890372005  4667241.4194834530  3268689.8933818555  0.0485463876  0.4867640943 -0.0118196402 -179.0441672310    0.0973475266   83.4207569438 -0.0005017397  0.0010707367  0.0000849415 0.0000115803 0.0002362973 0.0001257708
1627998827.9369580746 -2853306.2363902172  4667241.3969065063  3268689.9023314849  0.0646973865  0.5282688849 -0.1188114739 -179.0758842911    0.0833201548   83.3968371015 -0.0011878260  0.0014817511  0.0001888102 0.0000077627 0.0002383709 0.0001190808
1627998828.0363221169 -2853306.2899741968  4667241.3653600952  3268689.9081440922  0.0531882072  0.5923157868 -0.0239084695 -179.0973534826    0.0848599547   83.3684728645 -0.0015044499  0.0012955170  0.0003685258 0.0000019620 0.0002424381 0.0001279041
1627998828.1344621181 -2853306.3345328690  4667241.3311610902  3268689.9104044479 0.0632640565 0.5620383916 0.0467466007 -179.0824931331    0.0897804029   83.3417157279 -0.0009695616  0.0013035909  0.0003646705 0.0000048073 0.0002435482 0.0001358700
1627998828.2328939438 -2853306.3768998450  4667241.2959792279  3268689.9157879772 0.1150128261 0.5473749222 0.0279992701 -179.0575019910    0.0973791535   83.3341824143 -0.0001546361  0.0011210872  0.0003152052 0.0000055828 0.0002428504 0.0001365066
1627998828.3327369690 -2853306.4183765752  4667241.2605221914  3268689.9250930189 0.1440357907 0.5341319439 0.0130909105 -179.0546738692    0.1000750484   83.3380236469 -0.0002930457  0.0010200973  0.0003422739 0.0000065519 0.0002444596 0.0001376958
1627998828.4378499985 -2853306.4734011912  4667241.2304086993  3268689.9345926358  0.0591079522  0.6096552710 -0.0991720955 -179.0798542972    0.0869244000   83.2637202009 -0.0007426213  0.0013527444  0.0004201226 0.0000011026 0.0002562456 0.0001294888
1627998828.5401029587 -2853306.5286499220  4667241.1999683008  3268689.9385901927  0.0258268181  0.6138924336 -0.0332269715 -179.0948399312    0.0891755192   83.2609464646 -0.0008931491  0.0012680015  0.0002949222 0.0000002290 0.0002623618 0.0001369912
1627998828.6440660954 -2853306.5723593128  4667241.1647181157  3268689.9373120880 0.0420523298 0.5234680175 0.0690951365 -179.0813402421    0.1091643024   83.2478013538 -0.0006122947  0.0006080064  0.0001988854 0.0000079162 0.0002633218 0.0001483392
1627998828.7366049290 -2853306.6046890351  4667241.1379638407  3268689.9359718552 0.0339377982 0.4413230943 0.0520331170 -179.0799894663    0.1207016798   83.2341469028 -0.0004865717  0.0002653822  0.0002272681 0.0000152285 0.0002663848 0.0001484721
1627998828.8366971016 -2853306.6382118594  4667241.1153368065  3268689.9395305244  0.0536654029  0.3947435194 -0.0256152038 -179.0838823946    0.1201721262   83.2315270293 -0.0006049492  0.0000958904  0.0001956746 0.0000185538 0.0002680097 0.0001443355
1627998828.9365270138 -2853306.6714939578  4667241.0915648844  3268689.9467567881  0.0986281230  0.4100799326 -0.0258771795 -179.0952090762    0.1270744906   83.1997853958 -0.0008993541 -0.0001216949  0.0001887722 0.0000167852 0.0002678334 0.0001466446
1627998829.0380620956 -2853306.7109170645  4667241.0616293317  3268689.9574716138  0.1214679014  0.4617656708 -0.0140594141 -179.1097651351    0.1304370005   83.1806925990 -0.0008814607 -0.0001659191  0.0001939824 0.0000123003 0.0002694404 0.0001491409
1627998829.1358909607 -2853306.7508129240  4667241.0241767922  3268689.9644622183 0.1381821911 0.5600417825 0.0716909934 -179.1147310411    0.1436569222   83.1660122686 -0.0008677609 -0.0003059913  0.0002260676 0.0000033054 0.0002729343 0.0001585255
